530 532 535 537 540 542 544 546 548 550 551 553 554 557 559 601 603 605 607 609 611 613 615 617 619 621 623 625 628 631 633
540 542 545 547 550 552 554 556 558 600 601 603 604 607 609 611 613 615 617 619 621 623 625 627 629 631 633 635 638 641 643
550 552 555 557 600 602 604 606 608 610 611 613 614 617 619 621 623 625 627 629 631 633 635 637 639 641 643 645 648 651 653
600 602 605 607 610 612 614 616 618 620 621 623 624 627 629 631 633 635 637 639 641 643 645 647 649 651 653 655 658 701 703
610 612 615 617 620 622 624 626 628 630 631 633 634 637 639 641 643 645 647 649 651 653 655 657 659 701 703 705 708 711 713
620 622 625 627 630 632 634 636 638 640 641 643 644 647 649 651 653 655 657 659 701 703 705 707 709 711 713 715 718 721 723
630 632 635 637 640 642 644 646 648 650 651 653 654 657 659 701 703 705 707 709 711 713 715 717 719 721 723 725 728 731 733
640 642 645 647 650 652 654 656 658 700 701 703 704 707 709 711 713 715 717 719 721 723 725 727 729 731 733 735 738 741 743
650 652 655 657 700 702 704 706 708 710 711 713 714 717 719 721 723 725 727 729 731 733 735 737 739 741 743 745 748 751 753
700 702 705 707 710 712 714 716 718 720 721 723 724 727 729 731 733 735 737 739 741 743 745 747 749 751 753 755 758 801 803
710 712 715 717 720 722 724 726 728 730 731 733 734 737 739 741 743 745 747 749 751 753 755 757 759 801 803 805 808 811 813
720 722 725 727 730 732 734 736 738 740 741 743 744 747 749 751 753 755 757 759 801 803 805 807 809 811 813 815 818 821 823
730 732 735 737 740 742 744 746 748 750 751 753 754 757 759 801 803 805 807 809 811 813 815 817 819 821 823 825 828 831 833
740 742 745 747 750 752 754 756 758 800 801 803 804 807 809 811 813 815 817 819 821 823 825 827 829 831 833 835 838 841 843
750 752 755 757 800 802 804 806 808 810 811 813 814 817 819 821 823 825 827 829 831 833 835 837 839 841 843 845 848 851 853
800 802 805 807 810 812 814 816 818 820 821 823 824 827 829 831 833 835 837 839 841 843 845 847 849 851 853 855 858 901 903
805 807 810 812 815 817 819 821 823 825 826 828 829 832 834 836 838 840 842 844 846 848 850 852 854 856 858 900 903 906 908
810 812 815 817 820 822 824 826 828 830 831 833 834 837 839 841 843 845 847 849 851 853 855 857 859 901 903 905 908 911 913
815 817 820 822 825 827 829 831 833 835 836 838 839 842 844 846 848 850 852 854 856 858 900 902 904 906 908 910 913 916 918
820 822 825 827 830 832 834 836 838 840 841 843 844 847 849 851 853 855 857 859 901 903 905 907 909 911 913 915 918 921 923
825 827 830 832 835 837 839 841 843 845 846 848 849 852 854 856 858 900 902 904 906 908 910 912 914 916 918 920 923 926 928
830 832 835 837 840 842 844 846 848 850 851 853 854 857 859 901 903 905 907 909 911 913 915 917 919 921 923 925 928 931 933
835 837 840 842 845 847 849 851 853 855 856 858 859 902 904 906 908 910 912 914 916 918 920 922 924 926 928 930 933 936 938
840 842 845 847 850 852 854 856 858 900 901 903 904 907 909 911 913 915 917 919 921 923 925 927 929 931 933 935 938 941 943
845 847 850 852 855 857 859 901 903 905 906 908 909 912 914 916 918 920 922 924 926 928 930 932 934 936 938 940 943 946 948
850 852 855 857 900 902 904 906 908 910 911 913 914 917 919 921 923 925 927 929 931 933 935 937 939 941 943 945 948 951 953
855 857 900 902 905 907 909 911 913 915 916 918 919 922 924 926 928 930 932 934 936 938 940 942 944 946 948 950 953 956 958
900 902 905 907 910 912 914 916 918 920 921 923 924 927 929 931 933 935 937 939 941 943 945 947 949 951 953 955 958 1001 1003
905 907 910 912 915 917 919 921 923 925 926 928 929 932 934 936 938 940 942 944 946 948 950 952 954 956 958 1000 1003 1006 1008
910 912 915 917 920 922 924 926 928 930 931 933 934 937 939 941 943 945 947 949 951 953 955 957 959 1001 1003 1005 1008 1011 1013
915 917 920 922 925 927 929 931 933 935 936 938 939 942 944 946 948 950 952 954 956 958 1000 1002 1004 1006 1008 1010 1013 1016 1018
920 922 925 927 930 932 934 936 938 940 941 943 944 947 949 951 953 955 957 959 1001 1003 1005 1007 1009 1011 1013 1015 1018 1021 1023
925 927 930 932 935 937 939 941 943 945 946 948 949 952 954 956 958 1000 1002 1004 1006 1008 1010 1012 1014 1016 1018 1020 1023 1026 1028
930 932 935 937 940 942 944 946 948 950 951 953 954 957 959 1001 1003 1005 1007 1009 1011 1013 1015 1017 1019 1021 1023 1025 1028 1031 1033
935 937 940 942 945 947 949 951 953 955 956 958 959 1002 1004 1006 1008 1010 1012 1014 1016 1018 1020 1022 1024 1026 1028 1030 1033 1036 1038
940 942 945 947 950 952 954 956 958 1000 1001 1003 1004 1007 1009 1011 1013 1015 1017 1019 1021 1023 1025 1027 1029 1031 1033 1035 1038 1041 1043
945 947 950 952 955 957 959 1001 1003 1005 1006 1008 1009 1012 1014 1016 1018 1020 1022 1024 1026 1028 1030 1032 1034 1036 1038 1040 1043 1046 1048
950 952 955 957 1000 1002 1004 1006 1008 1010 1011 1013 1014 1017 1019 1021 1023 1025 1027 1029 1031 1033 1035 1037 1039 1041 1043 1045 1048 1051 1053
955 957 1000 1002 1005 1007 1009 1011 1013 1015 1016 1018 1019 1022 1024 1026 1028 1030 1032 1034 1036 1038 1040 1042 1044 1046 1048 1050 1053 1056 1058
1000 1002 1005 1007 1010 1012 1014 1016 1018 1020 1021 1023 1024 1027 1029 1031 1033 1035 1037 1039 1041 1043 1045 1047 1049 1051 1053 1055 1058 1101 1103
1005 1007 1010 1012 1015 1017 1019 1021 1023 1025 1026 1028 1029 1032 1034 1036 1038 1040 1042 1044 1046 1048 1050 1052 1054 1056 1058 1100 1103 1106 1108
1015 1017 1020 1022 1025 1027 1029 1031 1033 1035 1036 1038 1039 1042 1044 1046 1048 1050 1052 1054 1056 1058 1100 1102 1104 1106 1108 1110 1113 1116 1118
1025 1027 1030 1032 1035 1037 1039 1041 1043 1045 1046 1048 1049 1052 1054 1056 1058 1100 1102 1104 1106 1108 1110 1112 1114 1116 1118 1120 1123 1126 1128
1035 1037 1040 1042 1045 1047 1049 1051 1053 1055 1056 1058 1059 1102 1104 1106 1108 1110 1112 1114 1116 1118 1120 1122 1124 1126 1128 1130 1133 1136 1138
1045 1047 1050 1052 1055 1057 1059 1101 1103 1105 1106 1108 1109 1112 1114 1116 1118 1120 1122 1124 1126 1128 1130 1132 1134 1136 1138 1140 1143 1146 1148
1055 1057 1100 1102 1105 1107 1109 1111 1113 1115 1116 1118 1119 1122 1124 1126 1128 1130 1132 1134 1136 1138 1140 1142 1144 1146 1148 1150 1153 1156 1158
1105 1107 1110 1112 1115 1117 1119 1121 1123 1125 1126 1128 1129 1132 1134 1136 1138 1140 1142 1144 1146 1148 1150 1152 1154 1156 1158 1200 1203 1206 1208
1115 1117 1120 1122 1125 1127 1129 1131 1133 1135 1136 1138 1139 1142 1144 1146 1148 1150 1152 1154 1156 1158 1200 1202 1204 1206 1208 1210 1213 1216 1218
1125 1127 1130 1132 1135 1137 1139 1141 1143 1145 1146 1148 1149 1152 1154 1156 1158 1200 1202 1204 1206 1208 1210 1212 1214 1216 1218 1220 1223 1226 1228
1135 1137 1140 1142 1145 1147 1149 1151 1153 1155 1156 1158 1159 1202 1204 1206 1208 1210 1212 1214 1216 1218 1220 1222 1224 1226 1228 1230 1233 1236 1238
1145 1147 1150 1152 1155 1157 1159 1201 1203 1205 1206 1208 1209 1212 1214 1216 1218 1220 1222 1224 1226 1228 1230 1232 1234 1236 1238 1240 1243 1246 1248
1155 1157 1200 1202 1205 1207 1209 1211 1213 1215 1216 1218 1219 1222 1224 1226 1228 1230 1232 1234 1236 1238 1240 1242 1244 1246 1248 1250 1253 1256 1258
1205 1207 1210 1212 1215 1217 1219 1221 1223 1225 1226 1228 1229 1232 1234 1236 1238 1240 1242 1244 1246 1248 1250 1252 1254 1256 1258 1300 1303 1306 1308
1215 1217 1220 1222 1225 1227 1229 1231 1233 1235 1236 1238 1239 1242 1244 1246 1248 1250 1252 1254 1256 1258 1300 1302 1304 1306 1308 1310 1313 1316 1318
1225 1227 1230 1232 1235 1237 1239 1241 1243 1245 1246 1248 1249 1252 1254 1256 1258 1300 1302 1304 1306 1308 1310 1312 1314 1316 1318 1320 1323 1326 1328
1235 1237 1240 1242 1245 1247 1249 1251 1253 1255 1256 1258 1259 1302 1304 1306 1308 1310 1312 1314 1316 1318 1320 1322 1324 1326 1328 1330 1333 1336 1338
1245 1247 1250 1252 1255 1257 1259 1301 1303 1305 1306 1308 1309 1312 1314 1316 1318 1320 1322 1324 1326 1328 1330 1332 1334 1336 1338 1340 1343 1346 1348
1255 1257 1300 1302 1305 1307 1309 1311 1313 1315 1316 1318 1319 1322 1324 1326 1328 1330 1332 1334 1336 1338 1340 1342 1344 1346 1348 1350 1353 1356 1358
1305 1307 1310 1312 1315 1317 1319 1321 1323 1325 1326 1328 1329 1332 1334 1336 1338 1340 1342 1344 1346 1348 1350 1352 1354 1356 1358 1400 1403 1406 1408
1315 1317 1320 1322 1325 1327 1329 1331 1333 1335 1336 1338 1339 1342 1344 1346 1348 1350 1352 1354 1356 1358 1400 1402 1404 1406 1408 1410 1413 1416 1418
1325 1327 1330 1332 1335 1337 1339 1341 1343 1345 1346 1348 1349 1352 1354 1356 1358 1400 1402 1404 1406 1408 1410 1412 1414 1416 1418 1420 1423 1426 1428
1335 1337 1340 1342 1345 1347 1349 1351 1353 1355 1356 1358 1359 1402 1404 1406 1408 1410 1412 1414 1416 1418 1420 1422 1424 1426 1428 1430 1433 1436 1438
1345 1347 1350 1352 1355 1357 1359 1401 1403 1405 1406 1408 1409 1412 1414 1416 1418 1420 1422 1424 1426 1428 1430 1432 1434 1436 1438 1440 1443 1446 1448
1355 1357 1400 1402 1405 1407 1409 1411 1413 1415 1416 1418 1419 1422 1424 1426 1428 1430 1432 1434 1436 1438 1440 1442 1444 1446 1448 1450 1453 1456 1458
1405 1407 1410 1412 1415 1417 1419 1421 1423 1425 1426 1428 1429 1432 1434 1436 1438 1440 1442 1444 1446 1448 1450 1452 1454 1456 1458 1500 1503 1506 1508
1415 1417 1420 1422 1425 1427 1429 1431 1433 1435 1436 1438 1439 1442 1444 1446 1448 1450 1452 1454 1456 1458 1500 1502 1504 1506 1508 1510 1513 1516 1518
1425 1427 1430 1432 1435 1437 1439 1441 1443 1445 1446 1448 1449 1452 1454 1456 1458 1500 1502 1504 1506 1508 1510 1512 1514 1516 1518 1520 1523 1526 1528
1435 1437 1440 1442 1445 1447 1449 1451 1453 1455 1456 1458 1459 1502 1504 1506 1508 1510 1512 1514 1516 1518 1520 1522 1524 1526 1528 1530 1533 1536 1538
1445 1447 1450 1452 1455 1457 1459 1501 1503 1505 1506 1508 1509 1512 1514 1516 1518 1520 1522 1524 1526 1528 1530 1532 1534 1536 1538 1540 1543 1546 1548
1455 1457 1500 1502 1505 1507 1509 1511 1513 1515 1516 1518 1519 1522 1524 1526 1528 1530 1532 1534 1536 1538 1540 1542 1544 1546 1548 1550 1553 1556 1558
1505 1507 1510 1512 1515 1517 1519 1521 1523 1525 1526 1528 1529 1532 1534 1536 1538 1540 1542 1544 1546 1548 1550 1552 1554 1556 1558 1600 1603 1606 1608
1515 1517 1520 1522 1525 1527 1529 1531 1533 1535 1536 1538 1539 1542 1544 1546 1548 1550 1552 1554 1556 1558 1600 1602 1604 1606 1608 1610 1613 1616 1618
1525 1527 1530 1532 1535 1537 1539 1541 1543 1545 1546 1548 1549 1552 1554 1556 1558 1600 1602 1604 1606 1608 1610 1612 1614 1616 1618 1620 1623 1626 1628
1535 1537 1540 1542 1545 1547 1549 1551 1553 1555 1556 1558 1559 1602 1604 1606 1608 1610 1612 1614 1616 1618 1620 1622 1624 1626 1628 1630 1633 1636 1638
1545 1547 1550 1552 1555 1557 1559 1601 1603 1605 1606 1608 1609 1612 1614 1616 1618 1620 1622 1624 1626 1628 1630 1632 1634 1636 1638 1640 1643 1646 1648
1555 1557 1600 1602 1605 1607 1609 1611 1613 1615 1616 1618 1619 1622 1624 1626 1628 1630 1632 1634 1636 1638 1640 1642 1644 1646 1648 1650 1653 1656 1658
1605 1607 1610 1612 1615 1617 1619 1621 1623 1625 1626 1628 1629 1632 1634 1636 1638 1640 1642 1644 1646 1648 1650 1652 1654 1656 1658 1700 1703 1706 1708
1615 1617 1620 1622 1625 1627 1629 1631 1633 1635 1636 1638 1639 1642 1644 1646 1648 1650 1652 1654 1656 1658 1700 1702 1704 1706 1708 1710 1713 1716 1718
1625 1627 1630 1632 1635 1637 1639 1641 1643 1645 1646 1648 1649 1652 1654 1656 1658 1700 1702 1704 1706 1708 1710 1712 1714 1716 1718 1720 1723 1726 1728
1635 1637 1640 1642 1645 1647 1649 1651 1653 1655 1656 1658 1659 1702 1704 1706 1708 1710 1712 1714 1716 1718 1720 1722 1724 1726 1728 1730 1733 1736 1738
1645 1647 1650 1652 1655 1657 1659 1701 1703 1705 1706 1708 1709 1712 1714 1716 1718 1720 1722 1724 1726 1728 1730 1732 1734 1736 1738 1740 1743 1746 1748
1655 1657 1700 1702 1705 1707 1709 1711 1713 1715 1716 1718 1719 1722 1724 1726 1728 1730 1732 1734 1736 1738 1740 1742 1744 1746 1748 1750 1753 1756 1758
1705 1707 1710 1712 1715 1717 1719 1721 1723 1725 1726 1728 1729 1732 1734 1736 1738 1740 1742 1744 1746 1748 1750 1752 1754 1756 1758 1800 1803 1806 1808
1715 1717 1720 1722 1725 1727 1729 1731 1733 1735 1736 1738 1739 1742 1744 1746 1748 1750 1752 1754 1756 1758 1800 1802 1804 1806 1808 1810 1813 1816 1818
1725 1727 1730 1732 1735 1737 1739 1741 1743 1745 1746 1748 1749 1752 1754 1756 1758 1800 1802 1804 1806 1808 1810 1812 1814 1816 1818 1820 1823 1826 1828
1735 1737 1740 1742 1745 1747 1749 1751 1753 1755 1756 1758 1759 1802 1804 1806 1808 1810 1812 1814 1816 1818 1820 1822 1824 1826 1828 1830 1833 1836 1838
1745 1747 1750 1752 1755 1757 1759 1801 1803 1805 1806 1808 1809 1812 1814 1816 1818 1820 1822 1824 1826 1828 1830 1832 1834 1836 1838 1840 1843 1846 1848
1755 1757 1800 1802 1805 1807 1809 1811 1813 1815 1816 1818 1819 1822 1824 1826 1828 1830 1832 1834 1836 1838 1840 1842 1844 1846 1848 1850 1853 1856 1858
1805 1807 1810 1812 1815 1817 1819 1821 1823 1825 1826 1828 1829 1832 1834 1836 1838 1840 1842 1844 1846 1848 1850 1852 1854 1856 1858 1900 1903 1906 1908
1810 1812 1815 1817 1820 1822 1824 1826 1828 1830 1831 1833 1834 1837 1839 1841 1843 1845 1847 1849 1851 1853 1855 1857 1859 1901 1903 1905 1908 1911 1913
1815 1817 1820 1822 1825 1827 1829 1831 1833 1835 1836 1838 1839 1842 1844 1846 1848 1850 1852 1854 1856 1858 1900 1902 1904 1906 1908 1910 1913 1916 1918
1820 1822 1825 1827 1830 1832 1834 1836 1838 1840 1841 1843 1844 1847 1849 1851 1853 1855 1857 1859 1901 1903 1905 1907 1909 1911 1913 1915 1918 1921 1923
1825 1827 1830 1832 1835 1837 1839 1841 1843 1845 1846 1848 1849 1852 1854 1856 1858 1900 1902 1904 1906 1908 1910 1912 1914 1916 1918 1920 1923 1926 1928
1830 1832 1835 1837 1840 1842 1844 1846 1848 1850 1851 1853 1854 1857 1859 1901 1903 1905 1907 1909 1911 1913 1915 1917 1919 1921 1923 1925 1928 1931 1933
1835 1837 1840 1842 1845 1847 1849 1851 1853 1855 1856 1858 1859 1902 1904 1906 1908 1910 1912 1914 1916 1918 1920 1922 1924 1926 1928 1930 1933 1936 1938
1840 1842 1845 1847 1850 1852 1854 1856 1858 1900 1901 1903 1904 1907 1909 1911 1913 1915 1917 1919 1921 1923 1925 1927 1929 1931 1933 1935 1938 1941 1943
1845 1847 1850 1852 1855 1857 1859 1901 1903 1905 1906 1908 1909 1912 1914 1916 1918 1920 1922 1924 1926 1928 1930 1932 1934 1936 1938 1940 1943 1946 1948
1850 1852 1855 1857 1900 1902 1904 1906 1908 1910 1911 1913 1914 1917 1919 1921 1923 1925 1927 1929 1931 1933 1935 1937 1939 1941 1943 1945 1948 1951 1953
1855 1857 1900 1902 1905 1907 1909 1911 1913 1915 1916 1918 1919 1922 1924 1926 1928 1930 1932 1934 1936 1938 1940 1942 1944 1946 1948 1950 1953 1956 1958
1900 1902 1905 1907 1910 1912 1914 1916 1918 1920 1921 1923 1924 1927 1929 1931 1933 1935 1937 1939 1941 1943 1945 1947 1949 1951 1953 1955 1958 2001 2003
1905 1907 1910 1912 1915 1917 1919 1921 1923 1925 1926 1928 1929 1932 1934 1936 1938 1940 1942 1944 1946 1948 1950 1952 1954 1956 1958 2000 2003 2006 2008
1910 1912 1915 1917 1920 1922 1924 1926 1928 1930 1931 1933 1934 1937 1939 1941 1943 1945 1947 1949 1951 1953 1955 1957 1959 2001 2003 2005 2008 2011 2013
1915 1917 1920 1922 1925 1927 1929 1931 1933 1935 1936 1938 1939 1942 1944 1946 1948 1950 1952 1954 1956 1958 2000 2002 2004 2006 2008 2010 2013 2016 2018
1920 1922 1925 1927 1930 1932 1934 1936 1938 1940 1941 1943 1944 1947 1949 1951 1953 1955 1957 1959 2001 2003 2005 2007 2009 2011 2013 2015 2018 2021 2023
1925 1927 1930 1932 1935 1937 1939 1941 1943 1945 1946 1948 1949 1952 1954 1956 1958 2000 2002 2004 2006 2008 2010 2012 2014 2016 2018 2020 2023 2026 2028
1930 1932 1935 1937 1940 1942 1944 1946 1948 1950 1951 1953 1954 1957 1959 2001 2003 2005 2007 2009 2011 2013 2015 2017 2019 2021 2023 2025 2028 2031 2033
1935 1937 1940 1942 1945 1947 1949 1951 1953 1955 1956 1958 1959 2002 2004 2006 2008 2010 2012 2014 2016 2018 2020 2022 2024 2026 2028 2030 2033 2036 2038
1940 1942 1945 1947 1950 1952 1954 1956 1958 2000 2001 2003 2004 2007 2009 2011 2013 2015 2017 2019 2021 2023 2025 2027 2029 2031 2033 2035 2038 2041 2043
1945 1947 1950 1952 1955 1957 1959 2001 2003 2005 2006 2008 2009 2012 2014 2016 2018 2020 2022 2024 2026 2028 2030 2032 2034 2036 2038 2040 2043 2046 2048
1950 1952 1955 1957 2000 2002 2004 2006 2008 2010 2011 2013 2014 2017 2019 2021 2023 2025 2027 2029 2031 2033 2035 2037 2039 2041 2043 2045 2048 2051 2053
1955 1957 2000 2002 2005 2007 2009 2011 2013 2015 2016 2018 2019 2022 2024 2026 2028 2030 2032 2034 2036 2038 2040 2042 2044 2046 2048 2050 2053 2056 2058
2000 2002 2005 2007 2010 2012 2014 2016 2018 2020 2021 2023 2024 2027 2029 2031 2033 2035 2037 2039 2041 2043 2045 2047 2049 2051 2053 2055 2058 2101 2103
2005 2007 2010 2012 2015 2017 2019 2021 2023 2025 2026 2028 2029 2032 2034 2036 2038 2040 2042 2044 2046 2048 2050 2052 2054 2056 2058 2100 2103 2106 2108
2015 2017 2020 2022 2025 2027 2029 2031 2033 2035 2036 2038 2039 2042 2044 2046 2048 2050 2052 2054 2056 2058 2100 2102 2104 2106 2108 2110 2113 2116 2118
2025 2027 2030 2032 2035 2037 2039 2041 2043 2045 2046 2048 2049 2052 2054 2056 2058 2100 2102 2104 2106 2108 2110 2112 2114 2116 2118 2120 2123 2126 2128
2035 2037 2040 2042 2045 2047 2049 2051 2053 2055 2056 2058 2059 2102 2104 2106 2108 2110 2112 2114 2116 2118 2120 2122 2124 2126 2128 2130 2133 2136 2138
2045 2047 2050 2052 2055 2057 2059 2101 2103 2105 2106 2108 2109 2112 2114 2116 2118 2120 2122 2124 2126 2128 2130 2132 2134 2136 2138 2140 2143 2146 2148
2055 2057 2100 2102 2105 2107 2109 2111 2113 2115 2116 2118 2119 2122 2124 2126 2128 2130 2132 2134 2136 2138 2140 2142 2144 2146 2148 2150 2153 2156 2158
2105 2107 2110 2112 2115 2117 2119 2121 2123 2125 2126 2128 2129 2132 2134 2136 2138 2140 2142 2144 2146 2148 2150 2152 2154 2156 2158 2200 2203 2206 2208
2115 2117 2120 2122 2125 2127 2129 2131 2133 2135 2136 2138 2139 2142 2144 2146 2148 2150 2152 2154 2156 2158 2200 2202 2204 2206 2208 2210 2213 2216 2218
2125 2127 2130 2132 2135 2137 2139 2141 2143 2145 2146 2148 2149 2152 2154 2156 2158 2200 2202 2204 2206 2208 2210 2212 2214 2216 2218 2220 2223 2226 2228
2135 2137 2140 2142 2145 2147 2149 2151 2153 2155 2156 2158 2159 2202 2204 2206 2208 2210 2212 2214 2216 2218 2220 2222 2224 2226 2228 2230 2233 2236 2238
2145 2147 2150 2152 2155 2157 2159 2201 2203 2205 2206 2208 2209 2212 2214 2216 2218 2220 2222 2224 2226 2228 2230 2232 2234 2236 2238 2240 2243 2246 2248
2155 2157 2200 2202 2205 2207 2209 2211 2213 2215 2216 2218 2219 2222 2224 2226 2228 2230 2232 2234 2236 2238 2240 2242 2244 2246 2248 2250 2253 2256 2258
2205 2207 2210 2212 2215 2217 2219 2221 2223 2225 2226 2228 2229 2232 2234 2236 2238 2240 2242 2244 2246 2248 2250 2252 2254 2256 2258 2300 2303 2306 2308
2215 2217 2220 2222 2225 2227 2229 2231 2233 2235 2236 2238 2239 2242 2244 2246 2248 2250 2252 2254 2256 2258 2300 2302 2304 2306 2308 2310 2313 2316 2318
2225 2227 2230 2232 2235 2237 2239 2241 2243 2245 2246 2248 2249 2252 2254 2256 2258 2300 2302 2304 2306 2308 2310 2312 2314 2316 2318 2320 2323 2326 2328
2235 2237 2240 2242 2245 2247 2249 2251 2253 2255 2256 2258 2259 2302 2304 2306 2308 2310 2312 2314 2316 2318 2320 2322 2324 2326 2328 2330 2333 2336 2338
2250 2252 2255 2257 2300 2302 2304 2306 2308 2310 2311 2313 2314 2317 2319 2321 2323 2325 2327 2329 2331 2333 2335 2337 2339 2341 2343 2345 2348 2351 2353
