530 542 544 545 547 549 550 552 553 555 557 559 600 602 603 605 607 608 610 612 614 618 620 625 629 633 638 643 650 656 700
536 548 550 551 553 555 556 558 559 601 603 605 606 608 609 611 613 614 616 618 620 624 626 631 635 639 644 649 656 702 706
542 554 556 557 559 601 602 604 605 607 609 611 612 614 615 617 619 620 622 624 626 630 632 637 641 645 650 655 702 708 712
548 600 602 603 605 607 608 610 611 613 615 617 618 620 621 623 625 626 628 630 632 636 638 643 647 651 656 701 708 714 718
554 606 608 609 611 613 614 616 617 619 621 623 624 626 627 629 631 632 634 636 638 642 644 649 653 657 702 707 714 720 724
600 612 614 615 617 619 620 622 623 625 627 629 630 632 633 635 637 638 640 642 644 648 650 655 659 703 708 713 720 726 730
606 618 620 621 623 625 626 628 629 631 633 635 636 638 639 641 643 644 646 648 650 654 656 701 705 709 714 719 726 732 736
612 624 626 627 629 631 632 634 635 637 639 641 642 644 645 647 649 650 652 654 656 700 702 707 711 715 720 725 732 738 742
618 630 632 633 635 637 638 640 641 643 645 647 648 650 651 653 655 656 658 700 702 706 708 713 717 721 726 731 738 744 748
624 636 638 639 641 643 644 646 647 649 651 653 654 656 657 659 701 702 704 706 708 712 714 719 723 727 732 737 744 750 754
630 642 644 645 647 649 650 652 653 655 657 659 700 702 703 705 707 708 710 712 714 718 720 725 729 733 738 743 750 756 800
636 648 650 651 653 655 656 658 659 701 703 705 706 708 709 711 713 714 716 718 720 724 726 731 735 739 744 749 756 802 806
642 654 656 657 659 701 702 704 705 707 709 711 712 714 715 717 719 720 722 724 726 730 732 737 741 745 750 755 802 808 812
648 700 702 703 705 707 708 710 711 713 715 717 718 720 721 723 725 726 728 730 732 736 738 743 747 751 756 801 808 814 818
654 706 708 709 711 713 714 716 717 719 721 723 724 726 727 729 731 732 734 736 738 742 744 749 753 757 802 807 814 820 824
700 712 714 715 717 719 720 722 723 725 727 729 730 732 733 735 737 738 740 742 744 748 750 755 759 803 808 813 820 826 830
706 718 720 721 723 725 726 728 729 731 733 735 736 738 739 741 743 744 746 748 750 754 756 801 805 809 814 819 826 832 836
712 724 726 727 729 731 732 734 735 737 739 741 742 744 745 747 749 750 752 754 756 800 802 807 811 815 820 825 832 838 842
718 730 732 733 735 737 738 740 741 743 745 747 748 750 751 753 755 756 758 800 802 806 808 813 817 821 826 831 838 844 848
724 736 738 739 741 743 744 746 747 749 751 753 754 756 757 759 801 802 804 806 808 812 814 819 823 827 832 837 844 850 854
730 742 744 745 747 749 750 752 753 755 757 759 800 802 803 805 807 808 810 812 814 818 820 825 829 833 838 843 850 856 900
736 748 750 751 753 755 756 758 759 801 803 805 806 808 809 811 813 814 816 818 820 824 826 831 835 839 844 849 856 902 906
742 754 756 757 759 801 802 804 805 807 809 811 812 814 815 817 819 820 822 824 826 830 832 837 841 845 850 855 902 908 912
748 800 802 803 805 807 808 810 811 813 815 817 818 820 821 823 825 826 828 830 832 836 838 843 847 851 856 901 908 914 918
754 806 808 809 811 813 814 816 817 819 821 823 824 826 827 829 831 832 834 836 838 842 844 849 853 857 902 907 914 920 924
800 812 814 815 817 819 820 822 823 825 827 829 830 832 833 835 837 838 840 842 844 848 850 855 859 903 908 913 920 926 930
803 815 817 818 820 822 823 825 826 828 830 832 833 835 836 838 840 841 843 845 847 851 853 858 902 906 911 916 923 929 933
806 818 820 821 823 825 826 828 829 831 833 835 836 838 839 841 843 844 846 848 850 854 856 901 905 909 914 919 926 932 936
809 821 823 824 826 828 829 831 832 834 836 838 839 841 842 844 846 847 849 851 853 857 859 904 908 912 917 922 929 935 939
812 824 826 827 829 831 832 834 835 837 839 841 842 844 845 847 849 850 852 854 856 900 902 907 911 915 920 925 932 938 942
815 827 829 830 832 834 835 837 838 840 842 844 845 847 848 850 852 853 855 857 859 903 905 910 914 918 923 928 935 941 945
818 830 832 833 835 837 838 840 841 843 845 847 848 850 851 853 855 856 858 900 902 906 908 913 917 921 926 931 938 944 948
821 833 835 836 838 840 841 843 844 846 848 850 851 853 854 856 858 859 901 903 905 909 911 916 920 924 929 934 941 947 951
824 836 838 839 841 843 844 846 847 849 851 853 854 856 857 859 901 902 904 906 908 912 914 919 923 927 932 937 944 950 954
827 839 841 842 844 846 847 849 850 852 854 856 857 859 900 902 904 905 907 909 911 915 917 922 926 930 935 940 947 953 957
830 842 844 845 847 849 850 852 853 855 857 859 900 902 903 905 907 908 910 912 914 918 920 925 929 933 938 943 950 956 1000
833 845 847 848 850 852 853 855 856 858 900 902 903 905 906 908 910 911 913 915 917 921 923 928 932 936 941 946 953 959 1003
836 848 850 851 853 855 856 858 859 901 903 905 906 908 909 911 913 914 916 918 920 924 926 931 935 939 944 949 956 1002 1006
839 851 853 854 856 858 859 901 902 904 906 908 909 911 912 914 916 917 919 921 923 927 929 934 938 942 947 952 959 1005 1009
842 854 856 857 859 901 902 904 905 907 909 911 912 914 915 917 919 920 922 924 926 930 932 937 941 945 950 955 1002 1008 1012
845 857 859 900 902 904 905 907 908 910 912 914 915 917 918 920 922 923 925 927 929 933 935 940 944 948 953 958 1005 1011 1015
848 900 902 903 905 907 908 910 911 913 915 917 918 920 921 923 925 926 928 930 932 936 938 943 947 951 956 1001 1008 1014 1018
851 903 905 906 908 910 911 913 914 916 918 920 921 923 924 926 928 929 931 933 935 939 941 946 950 954 959 1004 1011 1017 1021
854 906 908 909 911 913 914 916 917 919 921 923 924 926 927 929 931 932 934 936 938 942 944 949 953 957 1002 1007 1014 1020 1024
857 909 911 912 914 916 917 919 920 922 924 926 927 929 930 932 934 935 937 939 941 945 947 952 956 1000 1005 1010 1017 1023 1027
900 912 914 915 917 919 920 922 923 925 927 929 930 932 933 935 937 938 940 942 944 948 950 955 959 1003 1008 1013 1020 1026 1030
903 915 917 918 920 922 923 925 926 928 930 932 933 935 936 938 940 941 943 945 947 951 953 958 1002 1006 1011 1016 1023 1029 1033
906 918 920 921 923 925 926 928 929 931 933 935 936 938 939 941 943 944 946 948 950 954 956 1001 1005 1009 1014 1019 1026 1032 1036
909 921 923 924 926 928 929 931 932 934 936 938 939 941 942 944 946 947 949 951 953 957 959 1004 1008 1012 1017 1022 1029 1035 1039
912 924 926 927 929 931 932 934 935 937 939 941 942 944 945 947 949 950 952 954 956 1000 1002 1007 1011 1015 1020 1025 1032 1038 1042
915 927 929 930 932 934 935 937 938 940 942 944 945 947 948 950 952 953 955 957 959 1003 1005 1010 1014 1018 1023 1028 1035 1041 1045
918 930 932 933 935 937 938 940 941 943 945 947 948 950 951 953 955 956 958 1000 1002 1006 1008 1013 1017 1021 1026 1031 1038 1044 1048
921 933 935 936 938 940 941 943 944 946 948 950 951 953 954 956 958 959 1001 1003 1005 1009 1011 1016 1020 1024 1029 1034 1041 1047 1051
924 936 938 939 941 943 944 946 947 949 951 953 954 956 957 959 1001 1002 1004 1006 1008 1012 1014 1019 1023 1027 1032 1037 1044 1050 1054
927 939 941 942 944 946 947 949 950 952 954 956 957 959 1000 1002 1004 1005 1007 1009 1011 1015 1017 1022 1026 1030 1035 1040 1047 1053 1057
930 942 944 945 947 949 950 952 953 955 957 959 1000 1002 1003 1005 1007 1008 1010 1012 1014 1018 1020 1025 1029 1033 1038 1043 1050 1056 1100
933 945 947 948 950 952 953 955 956 958 1000 1002 1003 1005 1006 1008 1010 1011 1013 1015 1017 1021 1023 1028 1032 1036 1041 1046 1053 1059 1103
936 948 950 951 953 955 956 958 959 1001 1003 1005 1006 1008 1009 1011 1013 1014 1016 1018 1020 1024 1026 1031 1035 1039 1044 1049 1056 1102 1106
939 951 953 954 956 958 959 1001 1002 1004 1006 1008 1009 1011 1012 1014 1016 1017 1019 1021 1023 1027 1029 1034 1038 1042 1047 1052 1059 1105 1109
942 954 956 957 959 1001 1002 1004 1005 1007 1009 1011 1012 1014 1015 1017 1019 1020 1022 1024 1026 1030 1032 1037 1041 1045 1050 1055 1102 1108 1112
945 957 959 1000 1002 1004 1005 1007 1008 1010 1012 1014 1015 1017 1018 1020 1022 1023 1025 1027 1029 1033 1035 1040 1044 1048 1053 1058 1105 1111 1115
948 1000 1002 1003 1005 1007 1008 1010 1011 1013 1015 1017 1018 1020 1021 1023 1025 1026 1028 1030 1032 1036 1038 1043 1047 1051 1056 1101 1108 1114 1118
951 1003 1005 1006 1008 1010 1011 1013 1014 1016 1018 1020 1021 1023 1024 1026 1028 1029 1031 1033 1035 1039 1041 1046 1050 1054 1059 1104 1111 1117 1121
954 1006 1008 1009 1011 1013 1014 1016 1017 1019 1021 1023 1024 1026 1027 1029 1031 1032 1034 1036 1038 1042 1044 1049 1053 1057 1102 1107 1114 1120 1124
957 1009 1011 1012 1014 1016 1017 1019 1020 1022 1024 1026 1027 1029 1030 1032 1034 1035 1037 1039 1041 1045 1047 1052 1056 1100 1105 1110 1117 1123 1127
1000 1012 1014 1015 1017 1019 1020 1022 1023 1025 1027 1029 1030 1032 1033 1035 1037 1038 1040 1042 1044 1048 1050 1055 1059 1103 1108 1113 1120 1126 1130
1003 1015 1017 1018 1020 1022 1023 1025 1026 1028 1030 1032 1033 1035 1036 1038 1040 1041 1043 1045 1047 1051 1053 1058 1102 1106 1111 1116 1123 1129 1133
1009 1021 1023 1024 1026 1028 1029 1031 1032 1034 1036 1038 1039 1041 1042 1044 1046 1047 1049 1051 1053 1057 1059 1104 1108 1112 1117 1122 1129 1135 1139
1015 1027 1029 1030 1032 1034 1035 1037 1038 1040 1042 1044 1045 1047 1048 1050 1052 1053 1055 1057 1059 1103 1105 1110 1114 1118 1123 1128 1135 1141 1145
1021 1033 1035 1036 1038 1040 1041 1043 1044 1046 1048 1050 1051 1053 1054 1056 1058 1059 1101 1103 1105 1109 1111 1116 1120 1124 1129 1134 1141 1147 1151
1027 1039 1041 1042 1044 1046 1047 1049 1050 1052 1054 1056 1057 1059 1100 1102 1104 1105 1107 1109 1111 1115 1117 1122 1126 1130 1135 1140 1147 1153 1157
1033 1045 1047 1048 1050 1052 1053 1055 1056 1058 1100 1102 1103 1105 1106 1108 1110 1111 1113 1115 1117 1121 1123 1128 1132 1136 1141 1146 1153 1159 1203
1039 1051 1053 1054 1056 1058 1059 1101 1102 1104 1106 1108 1109 1111 1112 1114 1116 1117 1119 1121 1123 1127 1129 1134 1138 1142 1147 1152 1159 1205 1209
1045 1057 1059 1100 1102 1104 1105 1107 1108 1110 1112 1114 1115 1117 1118 1120 1122 1123 1125 1127 1129 1133 1135 1140 1144 1148 1153 1158 1205 1211 1215
1051 1103 1105 1106 1108 1110 1111 1113 1114 1116 1118 1120 1121 1123 1124 1126 1128 1129 1131 1133 1135 1139 1141 1146 1150 1154 1159 1204 1211 1217 1221
1057 1109 1111 1112 1114 1116 1117 1119 1120 1122 1124 1126 1127 1129 1130 1132 1134 1135 1137 1139 1141 1145 1147 1152 1156 1200 1205 1210 1217 1223 1227
1103 1115 1117 1118 1120 1122 1123 1125 1126 1128 1130 1132 1133 1135 1136 1138 1140 1141 1143 1145 1147 1151 1153 1158 1202 1206 1211 1216 1223 1229 1233
1109 1121 1123 1124 1126 1128 1129 1131 1132 1134 1136 1138 1139 1141 1142 1144 1146 1147 1149 1151 1153 1157 1159 1204 1208 1212 1217 1222 1229 1235 1239
1115 1127 1129 1130 1132 1134 1135 1137 1138 1140 1142 1144 1145 1147 1148 1150 1152 1153 1155 1157 1159 1203 1205 1210 1214 1218 1223 1228 1235 1241 1245
1121 1133 1135 1136 1138 1140 1141 1143 1144 1146 1148 1150 1151 1153 1154 1156 1158 1159 1201 1203 1205 1209 1211 1216 1220 1224 1229 1234 1241 1247 1251
1127 1139 1141 1142 1144 1146 1147 1149 1150 1152 1154 1156 1157 1159 1200 1202 1204 1205 1207 1209 1211 1215 1217 1222 1226 1230 1235 1240 1247 1253 1257
1133 1145 1147 1148 1150 1152 1153 1155 1156 1158 1200 1202 1203 1205 1206 1208 1210 1211 1213 1215 1217 1221 1223 1228 1232 1236 1241 1246 1253 1259 1303
1139 1151 1153 1154 1156 1158 1159 1201 1202 1204 1206 1208 1209 1211 1212 1214 1216 1217 1219 1221 1223 1227 1229 1234 1238 1242 1247 1252 1259 1305 1309
1145 1157 1159 1200 1202 1204 1205 1207 1208 1210 1212 1214 1215 1217 1218 1220 1222 1223 1225 1227 1229 1233 1235 1240 1244 1248 1253 1258 1305 1311 1315
1151 1203 1205 1206 1208 1210 1211 1213 1214 1216 1218 1220 1221 1223 1224 1226 1228 1229 1231 1233 1235 1239 1241 1246 1250 1254 1259 1304 1311 1317 1321
1157 1209 1211 1212 1214 1216 1217 1219 1220 1222 1224 1226 1227 1229 1230 1232 1234 1235 1237 1239 1241 1245 1247 1252 1256 1300 1305 1310 1317 1323 1327
1203 1215 1217 1218 1220 1222 1223 1225 1226 1228 1230 1232 1233 1235 1236 1238 1240 1241 1243 1245 1247 1251 1253 1258 1302 1306 1311 1316 1323 1329 1333
1209 1221 1223 1224 1226 1228 1229 1231 1232 1234 1236 1238 1239 1241 1242 1244 1246 1247 1249 1251 1253 1257 1259 1304 1308 1312 1317 1322 1329 1335 1339
1215 1227 1229 1230 1232 1234 1235 1237 1238 1240 1242 1244 1245 1247 1248 1250 1252 1253 1255 1257 1259 1303 1305 1310 1314 1318 1323 1328 1335 1341 1345
1221 1233 1235 1236 1238 1240 1241 1243 1244 1246 1248 1250 1251 1253 1254 1256 1258 1259 1301 1303 1305 1309 1311 1316 1320 1324 1329 1334 1341 1347 1351
1227 1239 1241 1242 1244 1246 1247 1249 1250 1252 1254 1256 1257 1259 1300 1302 1304 1305 1307 1309 1311 1315 1317 1322 1326 1330 1335 1340 1347 1353 1357
1233 1245 1247 1248 1250 1252 1253 1255 1256 1258 1300 1302 1303 1305 1306 1308 1310 1311 1313 1315 1317 1321 1323 1328 1332 1336 1341 1346 1353 1359 1403
1239 1251 1253 1254 1256 1258 1259 1301 1302 1304 1306 1308 1309 1311 1312 1314 1316 1317 1319 1321 1323 1327 1329 1334 1338 1342 1347 1352 1359 1405 1409
1245 1257 1259 1300 1302 1304 1305 1307 1308 1310 1312 1314 1315 1317 1318 1320 1322 1323 1325 1327 1329 1333 1335 1340 1344 1348 1353 1358 1405 1411 1415
1251 1303 1305 1306 1308 1310 1311 1313 1314 1316 1318 1320 1321 1323 1324 1326 1328 1329 1331 1333 1335 1339 1341 1346 1350 1354 1359 1404 1411 1417 1421
1257 1309 1311 1312 1314 1316 1317 1319 1320 1322 1324 1326 1327 1329 1330 1332 1334 1335 1337 1339 1341 1345 1347 1352 1356 1400 1405 1410 1417 1423 1427
1303 1315 1317 1318 1320 1322 1323 1325 1326 1328 1330 1332 1333 1335 1336 1338 1340 1341 1343 1345 1347 1351 1353 1358 1402 1406 1411 1416 1423 1429 1433
1309 1321 1323 1324 1326 1328 1329 1331 1332 1334 1336 1338 1339 1341 1342 1344 1346 1347 1349 1351 1353 1357 1359 1404 1408 1412 1417 1422 1429 1435 1439
1315 1327 1329 1330 1332 1334 1335 1337 1338 1340 1342 1344 1345 1347 1348 1350 1352 1353 1355 1357 1359 1403 1405 1410 1414 1418 1423 1428 1435 1441 1445
1321 1333 1335 1336 1338 1340 1341 1343 1344 1346 1348 1350 1351 1353 1354 1356 1358 1359 1401 1403 1405 1409 1411 1416 1420 1424 1429 1434 1441 1447 1451
1327 1339 1341 1342 1344 1346 1347 1349 1350 1352 1354 1356 1357 1359 1400 1402 1404 1405 1407 1409 1411 1415 1417 1422 1426 1430 1435 1440 1447 1453 1457
1333 1345 1347 1348 1350 1352 1353 1355 1356 1358 1400 1402 1403 1405 1406 1408 1410 1411 1413 1415 1417 1421 1423 1428 1432 1436 1441 1446 1453 1459 1503
1339 1351 1353 1354 1356 1358 1359 1401 1402 1404 1406 1408 1409 1411 1412 1414 1416 1417 1419 1421 1423 1427 1429 1434 1438 1442 1447 1452 1459 1505 1509
1345 1357 1359 1400 1402 1404 1405 1407 1408 1410 1412 1414 1415 1417 1418 1420 1422 1423 1425 1427 1429 1433 1435 1440 1444 1448 1453 1458 1505 1511 1515
1351 1403 1405 1406 1408 1410 1411 1413 1414 1416 1418 1420 1421 1423 1424 1426 1428 1429 1431 1433 1435 1439 1441 1446 1450 1454 1459 1504 1511 1517 1521
1357 1409 1411 1412 1414 1416 1417 1419 1420 1422 1424 1426 1427 1429 1430 1432 1434 1435 1437 1439 1441 1445 1447 1452 1456 1500 1505 1510 1517 1523 1527
1403 1415 1417 1418 1420 1422 1423 1425 1426 1428 1430 1432 1433 1435 1436 1438 1440 1441 1443 1445 1447 1451 1453 1458 1502 1506 1511 1516 1523 1529 1533
1409 1421 1423 1424 1426 1428 1429 1431 1432 1434 1436 1438 1439 1441 1442 1444 1446 1447 1449 1451 1453 1457 1459 1504 1508 1512 1517 1522 1529 1535 1539
1415 1427 1429 1430 1432 1434 1435 1437 1438 1440 1442 1444 1445 1447 1448 1450 1452 1453 1455 1457 1459 1503 1505 1510 1514 1518 1523 1528 1535 1541 1545
1421 1433 1435 1436 1438 1440 1441 1443 1444 1446 1448 1450 1451 1453 1454 1456 1458 1459 1501 1503 1505 1509 1511 1516 1520 1524 1529 1534 1541 1547 1551
1427 1439 1441 1442 1444 1446 1447 1449 1450 1452 1454 1456 1457 1459 1500 1502 1504 1505 1507 1509 1511 1515 1517 1522 1526 1530 1535 1540 1547 1553 1557
1433 1445 1447 1448 1450 1452 1453 1455 1456 1458 1500 1502 1503 1505 1506 1508 1510 1511 1513 1515 1517 1521 1523 1528 1532 1536 1541 1546 1553 1559 1603
1439 1451 1453 1454 1456 1458 1459 1501 1502 1504 1506 1508 1509 1511 1512 1514 1516 1517 1519 1521 1523 1527 1529 1534 1538 1542 1547 1552 1559 1605 1609
1445 1457 1459 1500 1502 1504 1505 1507 1508 1510 1512 1514 1515 1517 1518 1520 1522 1523 1525 1527 1529 1533 1535 1540 1544 1548 1553 1558 1605 1611 1615
1451 1503 1505 1506 1508 1510 1511 1513 1514 1516 1518 1520 1521 1523 1524 1526 1528 1529 1531 1533 1535 1539 1541 1546 1550 1554 1559 1604 1611 1617 1621
1457 1509 1511 1512 1514 1516 1517 1519 1520 1522 1524 1526 1527 1529 1530 1532 1534 1535 1537 1539 1541 1545 1547 1552 1556 1600 1605 1610 1617 1623 1627
1503 1515 1517 1518 1520 1522 1523 1525 1526 1528 1530 1532 1533 1535 1536 1538 1540 1541 1543 1545 1547 1551 1553 1558 1602 1606 1611 1616 1623 1629 1633
1509 1521 1523 1524 1526 1528 1529 1531 1532 1534 1536 1538 1539 1541 1542 1544 1546 1547 1549 1551 1553 1557 1559 1604 1608 1612 1617 1622 1629 1635 1639
1515 1527 1529 1530 1532 1534 1535 1537 1538 1540 1542 1544 1545 1547 1548 1550 1552 1553 1555 1557 1559 1603 1605 1610 1614 1618 1623 1628 1635 1641 1645
1521 1533 1535 1536 1538 1540 1541 1543 1544 1546 1548 1550 1551 1553 1554 1556 1558 1559 1601 1603 1605 1609 1611 1616 1620 1624 1629 1634 1641 1647 1651
1527 1539 1541 1542 1544 1546 1547 1549 1550 1552 1554 1556 1557 1559 1600 1602 1604 1605 1607 1609 1611 1615 1617 1622 1626 1630 1635 1640 1647 1653 1657
1533 1545 1547 1548 1550 1552 1553 1555 1556 1558 1600 1602 1603 1605 1606 1608 1610 1611 1613 1615 1617 1621 1623 1628 1632 1636 1641 1646 1653 1659 1703
1539 1551 1553 1554 1556 1558 1559 1601 1602 1604 1606 1608 1609 1611 1612 1614 1616 1617 1619 1621 1623 1627 1629 1634 1638 1642 1647 1652 1659 1705 1709
1545 1557 1559 1600 1602 1604 1605 1607 1608 1610 1612 1614 1615 1617 1618 1620 1622 1623 1625 1627 1629 1633 1635 1640 1644 1648 1653 1658 1705 1711 1715
1551 1603 1605 1606 1608 1610 1611 1613 1614 1616 1618 1620 1621 1623 1624 1626 1628 1629 1631 1633 1635 1639 1641 1646 1650 1654 1659 1704 1711 1717 1721
1557 1609 1611 1612 1614 1616 1617 1619 1620 1622 1624 1626 1627 1629 1630 1632 1634 1635 1637 1639 1641 1645 1647 1652 1656 1700 1705 1710 1717 1723 1727
1603 1615 1617 1618 1620 1622 1623 1625 1626 1628 1630 1632 1633 1635 1636 1638 1640 1641 1643 1645 1647 1651 1653 1658 1702 1706 1711 1716 1723 1729 1733
1609 1621 1623 1624 1626 1628 1629 1631 1632 1634 1636 1638 1639 1641 1642 1644 1646 1647 1649 1651 1653 1657 1659 1704 1708 1712 1717 1722 1729 1735 1739
1615 1627 1629 1630 1632 1634 1635 1637 1638 1640 1642 1644 1645 1647 1648 1650 1652 1653 1655 1657 1659 1703 1705 1710 1714 1718 1723 1728 1735 1741 1745
1621 1633 1635 1636 1638 1640 1641 1643 1644 1646 1648 1650 1651 1653 1654 1656 1658 1659 1701 1703 1705 1709 1711 1716 1720 1724 1729 1734 1741 1747 1751
1627 1639 1641 1642 1644 1646 1647 1649 1650 1652 1654 1656 1657 1659 1700 1702 1704 1705 1707 1709 1711 1715 1717 1722 1726 1730 1735 1740 1747 1753 1757
1633 1645 1647 1648 1650 1652 1653 1655 1656 1658 1700 1702 1703 1705 1706 1708 1710 1711 1713 1715 1717 1721 1723 1728 1732 1736 1741 1746 1753 1759 1803
1639 1651 1653 1654 1656 1658 1659 1701 1702 1704 1706 1708 1709 1711 1712 1714 1716 1717 1719 1721 1723 1727 1729 1734 1738 1742 1747 1752 1759 1805 1809
1645 1657 1659 1700 1702 1704 1705 1707 1708 1710 1712 1714 1715 1717 1718 1720 1722 1723 1725 1727 1729 1733 1735 1740 1744 1748 1753 1758 1805 1811 1815
1651 1703 1705 1706 1708 1710 1711 1713 1714 1716 1718 1720 1721 1723 1724 1726 1728 1729 1731 1733 1735 1739 1741 1746 1750 1754 1759 1804 1811 1817 1821
1657 1709 1711 1712 1714 1716 1717 1719 1720 1722 1724 1726 1727 1729 1730 1732 1734 1735 1737 1739 1741 1745 1747 1752 1756 1800 1805 1810 1817 1823 1827
1703 1715 1717 1718 1720 1722 1723 1725 1726 1728 1730 1732 1733 1735 1736 1738 1740 1741 1743 1745 1747 1751 1753 1758 1802 1806 1811 1816 1823 1829 1833
1709 1721 1723 1724 1726 1728 1729 1731 1732 1734 1736 1738 1739 1741 1742 1744 1746 1747 1749 1751 1753 1757 1759 1804 1808 1812 1817 1822 1829 1835 1839
1715 1727 1729 1730 1732 1734 1735 1737 1738 1740 1742 1744 1745 1747 1748 1750 1752 1753 1755 1757 1759 1803 1805 1810 1814 1818 1823 1828 1835 1841 1845
1721 1733 1735 1736 1738 1740 1741 1743 1744 1746 1748 1750 1751 1753 1754 1756 1758 1759 1801 1803 1805 1809 1811 1816 1820 1824 1829 1834 1841 1847 1851
1727 1739 1741 1742 1744 1746 1747 1749 1750 1752 1754 1756 1757 1759 1800 1802 1804 1805 1807 1809 1811 1815 1817 1822 1826 1830 1835 1840 1847 1853 1857
1733 1745 1747 1748 1750 1752 1753 1755 1756 1758 1800 1802 1803 1805 1806 1808 1810 1811 1813 1815 1817 1821 1823 1828 1832 1836 1841 1846 1853 1859 1903
1739 1751 1753 1754 1756 1758 1759 1801 1802 1804 1806 1808 1809 1811 1812 1814 1816 1817 1819 1821 1823 1827 1829 1834 1838 1842 1847 1852 1859 1905 1909
1745 1757 1759 1800 1802 1804 1805 1807 1808 1810 1812 1814 1815 1817 1818 1820 1822 1823 1825 1827 1829 1833 1835 1840 1844 1848 1853 1858 1905 1911 1915
1751 1803 1805 1806 1808 1810 1811 1813 1814 1816 1818 1820 1821 1823 1824 1826 1828 1829 1831 1833 1835 1839 1841 1846 1850 1854 1859 1904 1911 1917 1921
1757 1809 1811 1812 1814 1816 1817 1819 1820 1822 1824 1826 1827 1829 1830 1832 1834 1835 1837 1839 1841 1845 1847 1852 1856 1900 1905 1910 1917 1923 1927
1803 1815 1817 1818 1820 1822 1823 1825 1826 1828 1830 1832 1833 1835 1836 1838 1840 1841 1843 1845 1847 1851 1853 1858 1902 1906 1911 1916 1923 1929 1933
1806 1818 1820 1821 1823 1825 1826 1828 1829 1831 1833 1835 1836 1838 1839 1841 1843 1844 1846 1848 1850 1854 1856 1901 1905 1909 1914 1919 1926 1932 1936
1809 1821 1823 1824 1826 1828 1829 1831 1832 1834 1836 1838 1839 1841 1842 1844 1846 1847 1849 1851 1853 1857 1859 1904 1908 1912 1917 1922 1929 1935 1939
1812 1824 1826 1827 1829 1831 1832 1834 1835 1837 1839 1841 1842 1844 1845 1847 1849 1850 1852 1854 1856 1900 1902 1907 1911 1915 1920 1925 1932 1938 1942
1815 1827 1829 1830 1832 1834 1835 1837 1838 1840 1842 1844 1845 1847 1848 1850 1852 1853 1855 1857 1859 1903 1905 1910 1914 1918 1923 1928 1935 1941 1945
1818 1830 1832 1833 1835 1837 1838 1840 1841 1843 1845 1847 1848 1850 1851 1853 1855 1856 1858 1900 1902 1906 1908 1913 1917 1921 1926 1931 1938 1944 1948
1821 1833 1835 1836 1838 1840 1841 1843 1844 1846 1848 1850 1851 1853 1854 1856 1858 1859 1901 1903 1905 1909 1911 1916 1920 1924 1929 1934 1941 1947 1951
1824 1836 1838 1839 1841 1843 1844 1846 1847 1849 1851 1853 1854 1856 1857 1859 1901 1902 1904 1906 1908 1912 1914 1919 1923 1927 1932 1937 1944 1950 1954
1827 1839 1841 1842 1844 1846 1847 1849 1850 1852 1854 1856 1857 1859 1900 1902 1904 1905 1907 1909 1911 1915 1917 1922 1926 1930 1935 1940 1947 1953 1957
1830 1842 1844 1845 1847 1849 1850 1852 1853 1855 1857 1859 1900 1902 1903 1905 1907 1908 1910 1912 1914 1918 1920 1925 1929 1933 1938 1943 1950 1956 2000
1833 1845 1847 1848 1850 1852 1853 1855 1856 1858 1900 1902 1903 1905 1906 1908 1910 1911 1913 1915 1917 1921 1923 1928 1932 1936 1941 1946 1953 1959 2003
1836 1848 1850 1851 1853 1855 1856 1858 1859 1901 1903 1905 1906 1908 1909 1911 1913 1914 1916 1918 1920 1924 1926 1931 1935 1939 1944 1949 1956 2002 2006
1839 1851 1853 1854 1856 1858 1859 1901 1902 1904 1906 1908 1909 1911 1912 1914 1916 1917 1919 1921 1923 1927 1929 1934 1938 1942 1947 1952 1959 2005 2009
1842 1854 1856 1857 1859 1901 1902 1904 1905 1907 1909 1911 1912 1914 1915 1917 1919 1920 1922 1924 1926 1930 1932 1937 1941 1945 1950 1955 2002 2008 2012
1845 1857 1859 1900 1902 1904 1905 1907 1908 1910 1912 1914 1915 1917 1918 1920 1922 1923 1925 1927 1929 1933 1935 1940 1944 1948 1953 1958 2005 2011 2015
1848 1900 1902 1903 1905 1907 1908 1910 1911 1913 1915 1917 1918 1920 1921 1923 1925 1926 1928 1930 1932 1936 1938 1943 1947 1951 1956 2001 2008 2014 2018
1851 1903 1905 1906 1908 1910 1911 1913 1914 1916 1918 1920 1921 1923 1924 1926 1928 1929 1931 1933 1935 1939 1941 1946 1950 1954 1959 2004 2011 2017 2021
1854 1906 1908 1909 1911 1913 1914 1916 1917 1919 1921 1923 1924 1926 1927 1929 1931 1932 1934 1936 1938 1942 1944 1949 1953 1957 2002 2007 2014 2020 2024
1857 1909 1911 1912 1914 1916 1917 1919 1920 1922 1924 1926 1927 1929 1930 1932 1934 1935 1937 1939 1941 1945 1947 1952 1956 2000 2005 2010 2017 2023 2027
1900 1912 1914 1915 1917 1919 1920 1922 1923 1925 1927 1929 1930 1932 1933 1935 1937 1938 1940 1942 1944 1948 1950 1955 1959 2003 2008 2013 2020 2026 2030
1903 1915 1917 1918 1920 1922 1923 1925 1926 1928 1930 1932 1933 1935 1936 1938 1940 1941 1943 1945 1947 1951 1953 1958 2002 2006 2011 2016 2023 2029 2033
1906 1918 1920 1921 1923 1925 1926 1928 1929 1931 1933 1935 1936 1938 1939 1941 1943 1944 1946 1948 1950 1954 1956 2001 2005 2009 2014 2019 2026 2032 2036
1909 1921 1923 1924 1926 1928 1929 1931 1932 1934 1936 1938 1939 1941 1942 1944 1946 1947 1949 1951 1953 1957 1959 2004 2008 2012 2017 2022 2029 2035 2039
1912 1924 1926 1927 1929 1931 1932 1934 1935 1937 1939 1941 1942 1944 1945 1947 1949 1950 1952 1954 1956 2000 2002 2007 2011 2015 2020 2025 2032 2038 2042
1915 1927 1929 1930 1932 1934 1935 1937 1938 1940 1942 1944 1945 1947 1948 1950 1952 1953 1955 1957 1959 2003 2005 2010 2014 2018 2023 2028 2035 2041 2045
1918 1930 1932 1933 1935 1937 1938 1940 1941 1943 1945 1947 1948 1950 1951 1953 1955 1956 1958 2000 2002 2006 2008 2013 2017 2021 2026 2031 2038 2044 2048
1921 1933 1935 1936 1938 1940 1941 1943 1944 1946 1948 1950 1951 1953 1954 1956 1958 1959 2001 2003 2005 2009 2011 2016 2020 2024 2029 2034 2041 2047 2051
1924 1936 1938 1939 1941 1943 1944 1946 1947 1949 1951 1953 1954 1956 1957 1959 2001 2002 2004 2006 2008 2012 2014 2019 2023 2027 2032 2037 2044 2050 2054
1927 1939 1941 1942 1944 1946 1947 1949 1950 1952 1954 1956 1957 1959 2000 2002 2004 2005 2007 2009 2011 2015 2017 2022 2026 2030 2035 2040 2047 2053 2057
1930 1942 1944 1945 1947 1949 1950 1952 1953 1955 1957 1959 2000 2002 2003 2005 2007 2008 2010 2012 2014 2018 2020 2025 2029 2033 2038 2043 2050 2056 2100
1933 1945 1947 1948 1950 1952 1953 1955 1956 1958 2000 2002 2003 2005 2006 2008 2010 2011 2013 2015 2017 2021 2023 2028 2032 2036 2041 2046 2053 2059 2103
1936 1948 1950 1951 1953 1955 1956 1958 1959 2001 2003 2005 2006 2008 2009 2011 2013 2014 2016 2018 2020 2024 2026 2031 2035 2039 2044 2049 2056 2102 2106
1939 1951 1953 1954 1956 1958 1959 2001 2002 2004 2006 2008 2009 2011 2012 2014 2016 2017 2019 2021 2023 2027 2029 2034 2038 2042 2047 2052 2059 2105 2109
1942 1954 1956 1957 1959 2001 2002 2004 2005 2007 2009 2011 2012 2014 2015 2017 2019 2020 2022 2024 2026 2030 2032 2037 2041 2045 2050 2055 2102 2108 2112
1945 1957 1959 2000 2002 2004 2005 2007 2008 2010 2012 2014 2015 2017 2018 2020 2022 2023 2025 2027 2029 2033 2035 2040 2044 2048 2053 2058 2105 2111 2115
1948 2000 2002 2003 2005 2007 2008 2010 2011 2013 2015 2017 2018 2020 2021 2023 2025 2026 2028 2030 2032 2036 2038 2043 2047 2051 2056 2101 2108 2114 2118
1951 2003 2005 2006 2008 2010 2011 2013 2014 2016 2018 2020 2021 2023 2024 2026 2028 2029 2031 2033 2035 2039 2041 2046 2050 2054 2059 2104 2111 2117 2121
1954 2006 2008 2009 2011 2013 2014 2016 2017 2019 2021 2023 2024 2026 2027 2029 2031 2032 2034 2036 2038 2042 2044 2049 2053 2057 2102 2107 2114 2120 2124
1957 2009 2011 2012 2014 2016 2017 2019 2020 2022 2024 2026 2027 2029 2030 2032 2034 2035 2037 2039 2041 2045 2047 2052 2056 2100 2105 2110 2117 2123 2127
2000 2012 2014 2015 2017 2019 2020 2022 2023 2025 2027 2029 2030 2032 2033 2035 2037 2038 2040 2042 2044 2048 2050 2055 2059 2103 2108 2113 2120 2126 2130
2003 2015 2017 2018 2020 2022 2023 2025 2026 2028 2030 2032 2033 2035 2036 2038 2040 2041 2043 2045 2047 2051 2053 2058 2102 2106 2111 2116 2123 2129 2133
2009 2021 2023 2024 2026 2028 2029 2031 2032 2034 2036 2038 2039 2041 2042 2044 2046 2047 2049 2051 2053 2057 2059 2104 2108 2112 2117 2122 2129 2135 2139
2015 2027 2029 2030 2032 2034 2035 2037 2038 2040 2042 2044 2045 2047 2048 2050 2052 2053 2055 2057 2059 2103 2105 2110 2114 2118 2123 2128 2135 2141 2145
2021 2033 2035 2036 2038 2040 2041 2043 2044 2046 2048 2050 2051 2053 2054 2056 2058 2059 2101 2103 2105 2109 2111 2116 2120 2124 2129 2134 2141 2147 2151
2027 2039 2041 2042 2044 2046 2047 2049 2050 2052 2054 2056 2057 2059 2100 2102 2104 2105 2107 2109 2111 2115 2117 2122 2126 2130 2135 2140 2147 2153 2157
2033 2045 2047 2048 2050 2052 2053 2055 2056 2058 2100 2102 2103 2105 2106 2108 2110 2111 2113 2115 2117 2121 2123 2128 2132 2136 2141 2146 2153 2159 2203
2039 2051 2053 2054 2056 2058 2059 2101 2102 2104 2106 2108 2109 2111 2112 2114 2116 2117 2119 2121 2123 2127 2129 2134 2138 2142 2147 2152 2159 2205 2209
2045 2057 2059 2100 2102 2104 2105 2107 2108 2110 2112 2114 2115 2117 2118 2120 2122 2123 2125 2127 2129 2133 2135 2140 2144 2148 2153 2158 2205 2211 2215
2051 2103 2105 2106 2108 2110 2111 2113 2114 2116 2118 2120 2121 2123 2124 2126 2128 2129 2131 2133 2135 2139 2141 2146 2150 2154 2159 2204 2211 2217 2221
2057 2109 2111 2112 2114 2116 2117 2119 2120 2122 2124 2126 2127 2129 2130 2132 2134 2135 2137 2139 2141 2145 2147 2152 2156 2200 2205 2210 2217 2223 2227
2103 2115 2117 2118 2120 2122 2123 2125 2126 2128 2130 2132 2133 2135 2136 2138 2140 2141 2143 2145 2147 2151 2153 2158 2202 2206 2211 2216 2223 2229 2233
2109 2121 2123 2124 2126 2128 2129 2131 2132 2134 2136 2138 2139 2141 2142 2144 2146 2147 2149 2151 2153 2157 2159 2204 2208 2212 2217 2222 2229 2235 2239
2115 2127 2129 2130 2132 2134 2135 2137 2138 2140 2142 2144 2145 2147 2148 2150 2152 2153 2155 2157 2159 2203 2205 2210 2214 2218 2223 2228 2235 2241 2245
2121 2133 2135 2136 2138 2140 2141 2143 2144 2146 2148 2150 2151 2153 2154 2156 2158 2159 2201 2203 2205 2209 2211 2216 2220 2224 2229 2234 2241 2247 2251
2127 2139 2141 2142 2144 2146 2147 2149 2150 2152 2154 2156 2157 2159 2200 2202 2204 2205 2207 2209 2211 2215 2217 2222 2226 2230 2235 2240 2247 2253 2257
2133 2145 2147 2148 2150 2152 2153 2155 2156 2158 2200 2202 2203 2205 2206 2208 2210 2211 2213 2215 2217 2221 2223 2228 2232 2236 2241 2246 2253 2259 2303
2139 2151 2153 2154 2156 2158 2159 2201 2202 2204 2206 2208 2209 2211 2212 2214 2216 2217 2219 2221 2223 2227 2229 2234 2238 2242 2247 2252 2259 2305 2309
2145 2157 2159 2200 2202 2204 2205 2207 2208 2210 2212 2214 2215 2217 2218 2220 2222 2223 2225 2227 2229 2233 2235 2240 2244 2248 2253 2258 2305 2311 2315
2151 2203 2205 2206 2208 2210 2211 2213 2214 2216 2218 2220 2221 2223 2224 2226 2228 2229 2231 2233 2235 2239 2241 2246 2250 2254 2259 2304 2311 2317 2321
2157 2209 2211 2212 2214 2216 2217 2219 2220 2222 2224 2226 2227 2229 2230 2232 2234 2235 2237 2239 2241 2245 2247 2252 2256 2300 2305 2310 2317 2323 2327
2203 2215 2217 2218 2220 2222 2223 2225 2226 2228 2230 2232 2233 2235 2236 2238 2240 2241 2243 2245 2247 2251 2253 2258 2302 2306 2311 2316 2323 2329 2333
2209 2221 2223 2224 2226 2228 2229 2231 2232 2234 2236 2238 2239 2241 2242 2244 2246 2247 2249 2251 2253 2257 2259 2304 2308 2312 2317 2322 2329 2335 2339
2215 2227 2229 2230 2232 2234 2235 2237 2238 2240 2242 2244 2245 2247 2248 2250 2252 2253 2255 2257 2259 2303 2305 2310 2314 2318 2323 2328 2335 2341 2345
2221 2233 2235 2236 2238 2240 2241 2243 2244 2246 2248 2250 2251 2253 2254 2256 2258 2259 2301 2303 2305 2309 2311 2316 2320 2324 2329 2334 2341 2347 2351
2227 2239 2241 2242 2244 2246 2247 2249 2250 2252 2254 2256 2257 2259 2300 2302 2304 2305 2307 2309 2311 2315 2317 2322 2326 2330 2335 2340 2347 2353 2357
2233 2245 2247 2248 2250 2252 2253 2255 2256 2258 2300 2302 2303 2305 2306 2308 2310 2311 2313 2315 2317 2321 2323 2328 2332 2336 2341 2346 2353 2359 003
