530 534 540 547 552 557 601 605 610 612 616 618 619 621 623 625 626 628 629 631 632 634 636 637 639 640 642 644 646 648 700
536 540 546 553 558 603 607 611 616 618 622 624 625 627 629 631 632 634 635 637 638 640 642 643 645 646 648 650 652 654 706
542 546 552 559 604 609 613 617 622 624 628 630 631 633 635 637 638 640 641 643 644 646 648 649 651 652 654 656 658 700 712
548 552 558 605 610 615 619 623 628 630 634 636 637 639 641 643 644 646 647 649 650 652 654 655 657 658 700 702 704 706 718
554 558 604 611 616 621 625 629 634 636 640 642 643 645 647 649 650 652 653 655 656 658 700 701 703 704 706 708 710 712 724
600 604 610 617 622 627 631 635 640 642 646 648 649 651 653 655 656 658 659 701 702 704 706 707 709 710 712 714 716 718 730
606 610 616 623 628 633 637 641 646 648 652 654 655 657 659 701 702 704 705 707 708 710 712 713 715 716 718 720 722 724 736
612 616 622 629 634 639 643 647 652 654 658 700 701 703 705 707 708 710 711 713 714 716 718 719 721 722 724 726 728 730 742
618 622 628 635 640 645 649 653 658 700 704 706 707 709 711 713 714 716 717 719 720 722 724 725 727 728 730 732 734 736 748
624 628 634 641 646 651 655 659 704 706 710 712 713 715 717 719 720 722 723 725 726 728 730 731 733 734 736 738 740 742 754
630 634 640 647 652 657 701 705 710 712 716 718 719 721 723 725 726 728 729 731 732 734 736 737 739 740 742 744 746 748 800
636 640 646 653 658 703 707 711 716 718 722 724 725 727 729 731 732 734 735 737 738 740 742 743 745 746 748 750 752 754 806
642 646 652 659 704 709 713 717 722 724 728 730 731 733 735 737 738 740 741 743 744 746 748 749 751 752 754 756 758 800 812
648 652 658 705 710 715 719 723 728 730 734 736 737 739 741 743 744 746 747 749 750 752 754 755 757 758 800 802 804 806 818
654 658 704 711 716 721 725 729 734 736 740 742 743 745 747 749 750 752 753 755 756 758 800 801 803 804 806 808 810 812 824
700 704 710 717 722 727 731 735 740 742 746 748 749 751 753 755 756 758 759 801 802 804 806 807 809 810 812 814 816 818 830
706 710 716 723 728 733 737 741 746 748 752 754 755 757 759 801 802 804 805 807 808 810 812 813 815 816 818 820 822 824 836
712 716 722 729 734 739 743 747 752 754 758 800 801 803 805 807 808 810 811 813 814 816 818 819 821 822 824 826 828 830 842
718 722 728 735 740 745 749 753 758 800 804 806 807 809 811 813 814 816 817 819 820 822 824 825 827 828 830 832 834 836 848
724 728 734 741 746 751 755 759 804 806 810 812 813 815 817 819 820 822 823 825 826 828 830 831 833 834 836 838 840 842 854
730 734 740 747 752 757 801 805 810 812 816 818 819 821 823 825 826 828 829 831 832 834 836 837 839 840 842 844 846 848 900
736 740 746 753 758 803 807 811 816 818 822 824 825 827 829 831 832 834 835 837 838 840 842 843 845 846 848 850 852 854 906
742 746 752 759 804 809 813 817 822 824 828 830 831 833 835 837 838 840 841 843 844 846 848 849 851 852 854 856 858 900 912
748 752 758 805 810 815 819 823 828 830 834 836 837 839 841 843 844 846 847 849 850 852 854 855 857 858 900 902 904 906 918
754 758 804 811 816 821 825 829 834 836 840 842 843 845 847 849 850 852 853 855 856 858 900 901 903 904 906 908 910 912 924
800 804 810 817 822 827 831 835 840 842 846 848 849 851 853 855 856 858 859 901 902 904 906 907 909 910 912 914 916 918 930
803 807 813 820 825 830 834 838 843 845 849 851 852 854 856 858 859 901 902 904 905 907 909 910 912 913 915 917 919 921 933
806 810 816 823 828 833 837 841 846 848 852 854 855 857 859 901 902 904 905 907 908 910 912 913 915 916 918 920 922 924 936
809 813 819 826 831 836 840 844 849 851 855 857 858 900 902 904 905 907 908 910 911 913 915 916 918 919 921 923 925 927 939
812 816 822 829 834 839 843 847 852 854 858 900 901 903 905 907 908 910 911 913 914 916 918 919 921 922 924 926 928 930 942
815 819 825 832 837 842 846 850 855 857 901 903 904 906 908 910 911 913 914 916 917 919 921 922 924 925 927 929 931 933 945
818 822 828 835 840 845 849 853 858 900 904 906 907 909 911 913 914 916 917 919 920 922 924 925 927 928 930 932 934 936 948
821 825 831 838 843 848 852 856 901 903 907 909 910 912 914 916 917 919 920 922 923 925 927 928 930 931 933 935 937 939 951
824 828 834 841 846 851 855 859 904 906 910 912 913 915 917 919 920 922 923 925 926 928 930 931 933 934 936 938 940 942 954
827 831 837 844 849 854 858 902 907 909 913 915 916 918 920 922 923 925 926 928 929 931 933 934 936 937 939 941 943 945 957
830 834 840 847 852 857 901 905 910 912 916 918 919 921 923 925 926 928 929 931 932 934 936 937 939 940 942 944 946 948 1000
833 837 843 850 855 900 904 908 913 915 919 921 922 924 926 928 929 931 932 934 935 937 939 940 942 943 945 947 949 951 1003
836 840 846 853 858 903 907 911 916 918 922 924 925 927 929 931 932 934 935 937 938 940 942 943 945 946 948 950 952 954 1006
839 843 849 856 901 906 910 914 919 921 925 927 928 930 932 934 935 937 938 940 941 943 945 946 948 949 951 953 955 957 1009
842 846 852 859 904 909 913 917 922 924 928 930 931 933 935 937 938 940 941 943 944 946 948 949 951 952 954 956 958 1000 1012
845 849 855 902 907 912 916 920 925 927 931 933 934 936 938 940 941 943 944 946 947 949 951 952 954 955 957 959 1001 1003 1015
848 852 858 905 910 915 919 923 928 930 934 936 937 939 941 943 944 946 947 949 950 952 954 955 957 958 1000 1002 1004 1006 1018
851 855 901 908 913 918 922 926 931 933 937 939 940 942 944 946 947 949 950 952 953 955 957 958 1000 1001 1003 1005 1007 1009 1021
854 858 904 911 916 921 925 929 934 936 940 942 943 945 947 949 950 952 953 955 956 958 1000 1001 1003 1004 1006 1008 1010 1012 1024
857 901 907 914 919 924 928 932 937 939 943 945 946 948 950 952 953 955 956 958 959 1001 1003 1004 1006 1007 1009 1011 1013 1015 1027
900 904 910 917 922 927 931 935 940 942 946 948 949 951 953 955 956 958 959 1001 1002 1004 1006 1007 1009 1010 1012 1014 1016 1018 1030
903 907 913 920 925 930 934 938 943 945 949 951 952 954 956 958 959 1001 1002 1004 1005 1007 1009 1010 1012 1013 1015 1017 1019 1021 1033
906 910 916 923 928 933 937 941 946 948 952 954 955 957 959 1001 1002 1004 1005 1007 1008 1010 1012 1013 1015 1016 1018 1020 1022 1024 1036
909 913 919 926 931 936 940 944 949 951 955 957 958 1000 1002 1004 1005 1007 1008 1010 1011 1013 1015 1016 1018 1019 1021 1023 1025 1027 1039
912 916 922 929 934 939 943 947 952 954 958 1000 1001 1003 1005 1007 1008 1010 1011 1013 1014 1016 1018 1019 1021 1022 1024 1026 1028 1030 1042
915 919 925 932 937 942 946 950 955 957 1001 1003 1004 1006 1008 1010 1011 1013 1014 1016 1017 1019 1021 1022 1024 1025 1027 1029 1031 1033 1045
918 922 928 935 940 945 949 953 958 1000 1004 1006 1007 1009 1011 1013 1014 1016 1017 1019 1020 1022 1024 1025 1027 1028 1030 1032 1034 1036 1048
921 925 931 938 943 948 952 956 1001 1003 1007 1009 1010 1012 1014 1016 1017 1019 1020 1022 1023 1025 1027 1028 1030 1031 1033 1035 1037 1039 1051
924 928 934 941 946 951 955 959 1004 1006 1010 1012 1013 1015 1017 1019 1020 1022 1023 1025 1026 1028 1030 1031 1033 1034 1036 1038 1040 1042 1054
927 931 937 944 949 954 958 1002 1007 1009 1013 1015 1016 1018 1020 1022 1023 1025 1026 1028 1029 1031 1033 1034 1036 1037 1039 1041 1043 1045 1057
930 934 940 947 952 957 1001 1005 1010 1012 1016 1018 1019 1021 1023 1025 1026 1028 1029 1031 1032 1034 1036 1037 1039 1040 1042 1044 1046 1048 1100
933 937 943 950 955 1000 1004 1008 1013 1015 1019 1021 1022 1024 1026 1028 1029 1031 1032 1034 1035 1037 1039 1040 1042 1043 1045 1047 1049 1051 1103
936 940 946 953 958 1003 1007 1011 1016 1018 1022 1024 1025 1027 1029 1031 1032 1034 1035 1037 1038 1040 1042 1043 1045 1046 1048 1050 1052 1054 1106
939 943 949 956 1001 1006 1010 1014 1019 1021 1025 1027 1028 1030 1032 1034 1035 1037 1038 1040 1041 1043 1045 1046 1048 1049 1051 1053 1055 1057 1109
942 946 952 959 1004 1009 1013 1017 1022 1024 1028 1030 1031 1033 1035 1037 1038 1040 1041 1043 1044 1046 1048 1049 1051 1052 1054 1056 1058 1100 1112
945 949 955 1002 1007 1012 1016 1020 1025 1027 1031 1033 1034 1036 1038 1040 1041 1043 1044 1046 1047 1049 1051 1052 1054 1055 1057 1059 1101 1103 1115
948 952 958 1005 1010 1015 1019 1023 1028 1030 1034 1036 1037 1039 1041 1043 1044 1046 1047 1049 1050 1052 1054 1055 1057 1058 1100 1102 1104 1106 1118
951 955 1001 1008 1013 1018 1022 1026 1031 1033 1037 1039 1040 1042 1044 1046 1047 1049 1050 1052 1053 1055 1057 1058 1100 1101 1103 1105 1107 1109 1121
954 958 1004 1011 1016 1021 1025 1029 1034 1036 1040 1042 1043 1045 1047 1049 1050 1052 1053 1055 1056 1058 1100 1101 1103 1104 1106 1108 1110 1112 1124
957 1001 1007 1014 1019 1024 1028 1032 1037 1039 1043 1045 1046 1048 1050 1052 1053 1055 1056 1058 1059 1101 1103 1104 1106 1107 1109 1111 1113 1115 1127
1000 1004 1010 1017 1022 1027 1031 1035 1040 1042 1046 1048 1049 1051 1053 1055 1056 1058 1059 1101 1102 1104 1106 1107 1109 1110 1112 1114 1116 1118 1130
1003 1007 1013 1020 1025 1030 1034 1038 1043 1045 1049 1051 1052 1054 1056 1058 1059 1101 1102 1104 1105 1107 1109 1110 1112 1113 1115 1117 1119 1121 1133
1009 1013 1019 1026 1031 1036 1040 1044 1049 1051 1055 1057 1058 1100 1102 1104 1105 1107 1108 1110 1111 1113 1115 1116 1118 1119 1121 1123 1125 1127 1139
1015 1019 1025 1032 1037 1042 1046 1050 1055 1057 1101 1103 1104 1106 1108 1110 1111 1113 1114 1116 1117 1119 1121 1122 1124 1125 1127 1129 1131 1133 1145
1021 1025 1031 1038 1043 1048 1052 1056 1101 1103 1107 1109 1110 1112 1114 1116 1117 1119 1120 1122 1123 1125 1127 1128 1130 1131 1133 1135 1137 1139 1151
1027 1031 1037 1044 1049 1054 1058 1102 1107 1109 1113 1115 1116 1118 1120 1122 1123 1125 1126 1128 1129 1131 1133 1134 1136 1137 1139 1141 1143 1145 1157
1033 1037 1043 1050 1055 1100 1104 1108 1113 1115 1119 1121 1122 1124 1126 1128 1129 1131 1132 1134 1135 1137 1139 1140 1142 1143 1145 1147 1149 1151 1203
1039 1043 1049 1056 1101 1106 1110 1114 1119 1121 1125 1127 1128 1130 1132 1134 1135 1137 1138 1140 1141 1143 1145 1146 1148 1149 1151 1153 1155 1157 1209
1045 1049 1055 1102 1107 1112 1116 1120 1125 1127 1131 1133 1134 1136 1138 1140 1141 1143 1144 1146 1147 1149 1151 1152 1154 1155 1157 1159 1201 1203 1215
1051 1055 1101 1108 1113 1118 1122 1126 1131 1133 1137 1139 1140 1142 1144 1146 1147 1149 1150 1152 1153 1155 1157 1158 1200 1201 1203 1205 1207 1209 1221
1057 1101 1107 1114 1119 1124 1128 1132 1137 1139 1143 1145 1146 1148 1150 1152 1153 1155 1156 1158 1159 1201 1203 1204 1206 1207 1209 1211 1213 1215 1227
1103 1107 1113 1120 1125 1130 1134 1138 1143 1145 1149 1151 1152 1154 1156 1158 1159 1201 1202 1204 1205 1207 1209 1210 1212 1213 1215 1217 1219 1221 1233
1109 1113 1119 1126 1131 1136 1140 1144 1149 1151 1155 1157 1158 1200 1202 1204 1205 1207 1208 1210 1211 1213 1215 1216 1218 1219 1221 1223 1225 1227 1239
1115 1119 1125 1132 1137 1142 1146 1150 1155 1157 1201 1203 1204 1206 1208 1210 1211 1213 1214 1216 1217 1219 1221 1222 1224 1225 1227 1229 1231 1233 1245
1121 1125 1131 1138 1143 1148 1152 1156 1201 1203 1207 1209 1210 1212 1214 1216 1217 1219 1220 1222 1223 1225 1227 1228 1230 1231 1233 1235 1237 1239 1251
1127 1131 1137 1144 1149 1154 1158 1202 1207 1209 1213 1215 1216 1218 1220 1222 1223 1225 1226 1228 1229 1231 1233 1234 1236 1237 1239 1241 1243 1245 1257
1133 1137 1143 1150 1155 1200 1204 1208 1213 1215 1219 1221 1222 1224 1226 1228 1229 1231 1232 1234 1235 1237 1239 1240 1242 1243 1245 1247 1249 1251 1303
1139 1143 1149 1156 1201 1206 1210 1214 1219 1221 1225 1227 1228 1230 1232 1234 1235 1237 1238 1240 1241 1243 1245 1246 1248 1249 1251 1253 1255 1257 1309
1145 1149 1155 1202 1207 1212 1216 1220 1225 1227 1231 1233 1234 1236 1238 1240 1241 1243 1244 1246 1247 1249 1251 1252 1254 1255 1257 1259 1301 1303 1315
1151 1155 1201 1208 1213 1218 1222 1226 1231 1233 1237 1239 1240 1242 1244 1246 1247 1249 1250 1252 1253 1255 1257 1258 1300 1301 1303 1305 1307 1309 1321
1157 1201 1207 1214 1219 1224 1228 1232 1237 1239 1243 1245 1246 1248 1250 1252 1253 1255 1256 1258 1259 1301 1303 1304 1306 1307 1309 1311 1313 1315 1327
1203 1207 1213 1220 1225 1230 1234 1238 1243 1245 1249 1251 1252 1254 1256 1258 1259 1301 1302 1304 1305 1307 1309 1310 1312 1313 1315 1317 1319 1321 1333
1209 1213 1219 1226 1231 1236 1240 1244 1249 1251 1255 1257 1258 1300 1302 1304 1305 1307 1308 1310 1311 1313 1315 1316 1318 1319 1321 1323 1325 1327 1339
1215 1219 1225 1232 1237 1242 1246 1250 1255 1257 1301 1303 1304 1306 1308 1310 1311 1313 1314 1316 1317 1319 1321 1322 1324 1325 1327 1329 1331 1333 1345
1221 1225 1231 1238 1243 1248 1252 1256 1301 1303 1307 1309 1310 1312 1314 1316 1317 1319 1320 1322 1323 1325 1327 1328 1330 1331 1333 1335 1337 1339 1351
1227 1231 1237 1244 1249 1254 1258 1302 1307 1309 1313 1315 1316 1318 1320 1322 1323 1325 1326 1328 1329 1331 1333 1334 1336 1337 1339 1341 1343 1345 1357
1233 1237 1243 1250 1255 1300 1304 1308 1313 1315 1319 1321 1322 1324 1326 1328 1329 1331 1332 1334 1335 1337 1339 1340 1342 1343 1345 1347 1349 1351 1403
1239 1243 1249 1256 1301 1306 1310 1314 1319 1321 1325 1327 1328 1330 1332 1334 1335 1337 1338 1340 1341 1343 1345 1346 1348 1349 1351 1353 1355 1357 1409
1245 1249 1255 1302 1307 1312 1316 1320 1325 1327 1331 1333 1334 1336 1338 1340 1341 1343 1344 1346 1347 1349 1351 1352 1354 1355 1357 1359 1401 1403 1415
1251 1255 1301 1308 1313 1318 1322 1326 1331 1333 1337 1339 1340 1342 1344 1346 1347 1349 1350 1352 1353 1355 1357 1358 1400 1401 1403 1405 1407 1409 1421
1257 1301 1307 1314 1319 1324 1328 1332 1337 1339 1343 1345 1346 1348 1350 1352 1353 1355 1356 1358 1359 1401 1403 1404 1406 1407 1409 1411 1413 1415 1427
1303 1307 1313 1320 1325 1330 1334 1338 1343 1345 1349 1351 1352 1354 1356 1358 1359 1401 1402 1404 1405 1407 1409 1410 1412 1413 1415 1417 1419 1421 1433
1309 1313 1319 1326 1331 1336 1340 1344 1349 1351 1355 1357 1358 1400 1402 1404 1405 1407 1408 1410 1411 1413 1415 1416 1418 1419 1421 1423 1425 1427 1439
1315 1319 1325 1332 1337 1342 1346 1350 1355 1357 1401 1403 1404 1406 1408 1410 1411 1413 1414 1416 1417 1419 1421 1422 1424 1425 1427 1429 1431 1433 1445
1321 1325 1331 1338 1343 1348 1352 1356 1401 1403 1407 1409 1410 1412 1414 1416 1417 1419 1420 1422 1423 1425 1427 1428 1430 1431 1433 1435 1437 1439 1451
1327 1331 1337 1344 1349 1354 1358 1402 1407 1409 1413 1415 1416 1418 1420 1422 1423 1425 1426 1428 1429 1431 1433 1434 1436 1437 1439 1441 1443 1445 1457
1333 1337 1343 1350 1355 1400 1404 1408 1413 1415 1419 1421 1422 1424 1426 1428 1429 1431 1432 1434 1435 1437 1439 1440 1442 1443 1445 1447 1449 1451 1503
1339 1343 1349 1356 1401 1406 1410 1414 1419 1421 1425 1427 1428 1430 1432 1434 1435 1437 1438 1440 1441 1443 1445 1446 1448 1449 1451 1453 1455 1457 1509
1345 1349 1355 1402 1407 1412 1416 1420 1425 1427 1431 1433 1434 1436 1438 1440 1441 1443 1444 1446 1447 1449 1451 1452 1454 1455 1457 1459 1501 1503 1515
1351 1355 1401 1408 1413 1418 1422 1426 1431 1433 1437 1439 1440 1442 1444 1446 1447 1449 1450 1452 1453 1455 1457 1458 1500 1501 1503 1505 1507 1509 1521
1357 1401 1407 1414 1419 1424 1428 1432 1437 1439 1443 1445 1446 1448 1450 1452 1453 1455 1456 1458 1459 1501 1503 1504 1506 1507 1509 1511 1513 1515 1527
1403 1407 1413 1420 1425 1430 1434 1438 1443 1445 1449 1451 1452 1454 1456 1458 1459 1501 1502 1504 1505 1507 1509 1510 1512 1513 1515 1517 1519 1521 1533
1409 1413 1419 1426 1431 1436 1440 1444 1449 1451 1455 1457 1458 1500 1502 1504 1505 1507 1508 1510 1511 1513 1515 1516 1518 1519 1521 1523 1525 1527 1539
1415 1419 1425 1432 1437 1442 1446 1450 1455 1457 1501 1503 1504 1506 1508 1510 1511 1513 1514 1516 1517 1519 1521 1522 1524 1525 1527 1529 1531 1533 1545
1421 1425 1431 1438 1443 1448 1452 1456 1501 1503 1507 1509 1510 1512 1514 1516 1517 1519 1520 1522 1523 1525 1527 1528 1530 1531 1533 1535 1537 1539 1551
1427 1431 1437 1444 1449 1454 1458 1502 1507 1509 1513 1515 1516 1518 1520 1522 1523 1525 1526 1528 1529 1531 1533 1534 1536 1537 1539 1541 1543 1545 1557
1433 1437 1443 1450 1455 1500 1504 1508 1513 1515 1519 1521 1522 1524 1526 1528 1529 1531 1532 1534 1535 1537 1539 1540 1542 1543 1545 1547 1549 1551 1603
1439 1443 1449 1456 1501 1506 1510 1514 1519 1521 1525 1527 1528 1530 1532 1534 1535 1537 1538 1540 1541 1543 1545 1546 1548 1549 1551 1553 1555 1557 1609
1445 1449 1455 1502 1507 1512 1516 1520 1525 1527 1531 1533 1534 1536 1538 1540 1541 1543 1544 1546 1547 1549 1551 1552 1554 1555 1557 1559 1601 1603 1615
1451 1455 1501 1508 1513 1518 1522 1526 1531 1533 1537 1539 1540 1542 1544 1546 1547 1549 1550 1552 1553 1555 1557 1558 1600 1601 1603 1605 1607 1609 1621
1457 1501 1507 1514 1519 1524 1528 1532 1537 1539 1543 1545 1546 1548 1550 1552 1553 1555 1556 1558 1559 1601 1603 1604 1606 1607 1609 1611 1613 1615 1627
1503 1507 1513 1520 1525 1530 1534 1538 1543 1545 1549 1551 1552 1554 1556 1558 1559 1601 1602 1604 1605 1607 1609 1610 1612 1613 1615 1617 1619 1621 1633
1509 1513 1519 1526 1531 1536 1540 1544 1549 1551 1555 1557 1558 1600 1602 1604 1605 1607 1608 1610 1611 1613 1615 1616 1618 1619 1621 1623 1625 1627 1639
1515 1519 1525 1532 1537 1542 1546 1550 1555 1557 1601 1603 1604 1606 1608 1610 1611 1613 1614 1616 1617 1619 1621 1622 1624 1625 1627 1629 1631 1633 1645
1521 1525 1531 1538 1543 1548 1552 1556 1601 1603 1607 1609 1610 1612 1614 1616 1617 1619 1620 1622 1623 1625 1627 1628 1630 1631 1633 1635 1637 1639 1651
1527 1531 1537 1544 1549 1554 1558 1602 1607 1609 1613 1615 1616 1618 1620 1622 1623 1625 1626 1628 1629 1631 1633 1634 1636 1637 1639 1641 1643 1645 1657
1533 1537 1543 1550 1555 1600 1604 1608 1613 1615 1619 1621 1622 1624 1626 1628 1629 1631 1632 1634 1635 1637 1639 1640 1642 1643 1645 1647 1649 1651 1703
1539 1543 1549 1556 1601 1606 1610 1614 1619 1621 1625 1627 1628 1630 1632 1634 1635 1637 1638 1640 1641 1643 1645 1646 1648 1649 1651 1653 1655 1657 1709
1545 1549 1555 1602 1607 1612 1616 1620 1625 1627 1631 1633 1634 1636 1638 1640 1641 1643 1644 1646 1647 1649 1651 1652 1654 1655 1657 1659 1701 1703 1715
1551 1555 1601 1608 1613 1618 1622 1626 1631 1633 1637 1639 1640 1642 1644 1646 1647 1649 1650 1652 1653 1655 1657 1658 1700 1701 1703 1705 1707 1709 1721
1557 1601 1607 1614 1619 1624 1628 1632 1637 1639 1643 1645 1646 1648 1650 1652 1653 1655 1656 1658 1659 1701 1703 1704 1706 1707 1709 1711 1713 1715 1727
1603 1607 1613 1620 1625 1630 1634 1638 1643 1645 1649 1651 1652 1654 1656 1658 1659 1701 1702 1704 1705 1707 1709 1710 1712 1713 1715 1717 1719 1721 1733
1609 1613 1619 1626 1631 1636 1640 1644 1649 1651 1655 1657 1658 1700 1702 1704 1705 1707 1708 1710 1711 1713 1715 1716 1718 1719 1721 1723 1725 1727 1739
1615 1619 1625 1632 1637 1642 1646 1650 1655 1657 1701 1703 1704 1706 1708 1710 1711 1713 1714 1716 1717 1719 1721 1722 1724 1725 1727 1729 1731 1733 1745
1621 1625 1631 1638 1643 1648 1652 1656 1701 1703 1707 1709 1710 1712 1714 1716 1717 1719 1720 1722 1723 1725 1727 1728 1730 1731 1733 1735 1737 1739 1751
1627 1631 1637 1644 1649 1654 1658 1702 1707 1709 1713 1715 1716 1718 1720 1722 1723 1725 1726 1728 1729 1731 1733 1734 1736 1737 1739 1741 1743 1745 1757
1633 1637 1643 1650 1655 1700 1704 1708 1713 1715 1719 1721 1722 1724 1726 1728 1729 1731 1732 1734 1735 1737 1739 1740 1742 1743 1745 1747 1749 1751 1803
1639 1643 1649 1656 1701 1706 1710 1714 1719 1721 1725 1727 1728 1730 1732 1734 1735 1737 1738 1740 1741 1743 1745 1746 1748 1749 1751 1753 1755 1757 1809
1645 1649 1655 1702 1707 1712 1716 1720 1725 1727 1731 1733 1734 1736 1738 1740 1741 1743 1744 1746 1747 1749 1751 1752 1754 1755 1757 1759 1801 1803 1815
1651 1655 1701 1708 1713 1718 1722 1726 1731 1733 1737 1739 1740 1742 1744 1746 1747 1749 1750 1752 1753 1755 1757 1758 1800 1801 1803 1805 1807 1809 1821
1657 1701 1707 1714 1719 1724 1728 1732 1737 1739 1743 1745 1746 1748 1750 1752 1753 1755 1756 1758 1759 1801 1803 1804 1806 1807 1809 1811 1813 1815 1827
1703 1707 1713 1720 1725 1730 1734 1738 1743 1745 1749 1751 1752 1754 1756 1758 1759 1801 1802 1804 1805 1807 1809 1810 1812 1813 1815 1817 1819 1821 1833
1709 1713 1719 1726 1731 1736 1740 1744 1749 1751 1755 1757 1758 1800 1802 1804 1805 1807 1808 1810 1811 1813 1815 1816 1818 1819 1821 1823 1825 1827 1839
1715 1719 1725 1732 1737 1742 1746 1750 1755 1757 1801 1803 1804 1806 1808 1810 1811 1813 1814 1816 1817 1819 1821 1822 1824 1825 1827 1829 1831 1833 1845
1721 1725 1731 1738 1743 1748 1752 1756 1801 1803 1807 1809 1810 1812 1814 1816 1817 1819 1820 1822 1823 1825 1827 1828 1830 1831 1833 1835 1837 1839 1851
1727 1731 1737 1744 1749 1754 1758 1802 1807 1809 1813 1815 1816 1818 1820 1822 1823 1825 1826 1828 1829 1831 1833 1834 1836 1837 1839 1841 1843 1845 1857
1733 1737 1743 1750 1755 1800 1804 1808 1813 1815 1819 1821 1822 1824 1826 1828 1829 1831 1832 1834 1835 1837 1839 1840 1842 1843 1845 1847 1849 1851 1903
1739 1743 1749 1756 1801 1806 1810 1814 1819 1821 1825 1827 1828 1830 1832 1834 1835 1837 1838 1840 1841 1843 1845 1846 1848 1849 1851 1853 1855 1857 1909
1745 1749 1755 1802 1807 1812 1816 1820 1825 1827 1831 1833 1834 1836 1838 1840 1841 1843 1844 1846 1847 1849 1851 1852 1854 1855 1857 1859 1901 1903 1915
1751 1755 1801 1808 1813 1818 1822 1826 1831 1833 1837 1839 1840 1842 1844 1846 1847 1849 1850 1852 1853 1855 1857 1858 1900 1901 1903 1905 1907 1909 1921
1757 1801 1807 1814 1819 1824 1828 1832 1837 1839 1843 1845 1846 1848 1850 1852 1853 1855 1856 1858 1859 1901 1903 1904 1906 1907 1909 1911 1913 1915 1927
1803 1807 1813 1820 1825 1830 1834 1838 1843 1845 1849 1851 1852 1854 1856 1858 1859 1901 1902 1904 1905 1907 1909 1910 1912 1913 1915 1917 1919 1921 1933
1806 1810 1816 1823 1828 1833 1837 1841 1846 1848 1852 1854 1855 1857 1859 1901 1902 1904 1905 1907 1908 1910 1912 1913 1915 1916 1918 1920 1922 1924 1936
1809 1813 1819 1826 1831 1836 1840 1844 1849 1851 1855 1857 1858 1900 1902 1904 1905 1907 1908 1910 1911 1913 1915 1916 1918 1919 1921 1923 1925 1927 1939
1812 1816 1822 1829 1834 1839 1843 1847 1852 1854 1858 1900 1901 1903 1905 1907 1908 1910 1911 1913 1914 1916 1918 1919 1921 1922 1924 1926 1928 1930 1942
1815 1819 1825 1832 1837 1842 1846 1850 1855 1857 1901 1903 1904 1906 1908 1910 1911 1913 1914 1916 1917 1919 1921 1922 1924 1925 1927 1929 1931 1933 1945
1818 1822 1828 1835 1840 1845 1849 1853 1858 1900 1904 1906 1907 1909 1911 1913 1914 1916 1917 1919 1920 1922 1924 1925 1927 1928 1930 1932 1934 1936 1948
1821 1825 1831 1838 1843 1848 1852 1856 1901 1903 1907 1909 1910 1912 1914 1916 1917 1919 1920 1922 1923 1925 1927 1928 1930 1931 1933 1935 1937 1939 1951
1824 1828 1834 1841 1846 1851 1855 1859 1904 1906 1910 1912 1913 1915 1917 1919 1920 1922 1923 1925 1926 1928 1930 1931 1933 1934 1936 1938 1940 1942 1954
1827 1831 1837 1844 1849 1854 1858 1902 1907 1909 1913 1915 1916 1918 1920 1922 1923 1925 1926 1928 1929 1931 1933 1934 1936 1937 1939 1941 1943 1945 1957
1830 1834 1840 1847 1852 1857 1901 1905 1910 1912 1916 1918 1919 1921 1923 1925 1926 1928 1929 1931 1932 1934 1936 1937 1939 1940 1942 1944 1946 1948 2000
1833 1837 1843 1850 1855 1900 1904 1908 1913 1915 1919 1921 1922 1924 1926 1928 1929 1931 1932 1934 1935 1937 1939 1940 1942 1943 1945 1947 1949 1951 2003
1836 1840 1846 1853 1858 1903 1907 1911 1916 1918 1922 1924 1925 1927 1929 1931 1932 1934 1935 1937 1938 1940 1942 1943 1945 1946 1948 1950 1952 1954 2006
1839 1843 1849 1856 1901 1906 1910 1914 1919 1921 1925 1927 1928 1930 1932 1934 1935 1937 1938 1940 1941 1943 1945 1946 1948 1949 1951 1953 1955 1957 2009
1842 1846 1852 1859 1904 1909 1913 1917 1922 1924 1928 1930 1931 1933 1935 1937 1938 1940 1941 1943 1944 1946 1948 1949 1951 1952 1954 1956 1958 2000 2012
1845 1849 1855 1902 1907 1912 1916 1920 1925 1927 1931 1933 1934 1936 1938 1940 1941 1943 1944 1946 1947 1949 1951 1952 1954 1955 1957 1959 2001 2003 2015
1848 1852 1858 1905 1910 1915 1919 1923 1928 1930 1934 1936 1937 1939 1941 1943 1944 1946 1947 1949 1950 1952 1954 1955 1957 1958 2000 2002 2004 2006 2018
1851 1855 1901 1908 1913 1918 1922 1926 1931 1933 1937 1939 1940 1942 1944 1946 1947 1949 1950 1952 1953 1955 1957 1958 2000 2001 2003 2005 2007 2009 2021
1854 1858 1904 1911 1916 1921 1925 1929 1934 1936 1940 1942 1943 1945 1947 1949 1950 1952 1953 1955 1956 1958 2000 2001 2003 2004 2006 2008 2010 2012 2024
1857 1901 1907 1914 1919 1924 1928 1932 1937 1939 1943 1945 1946 1948 1950 1952 1953 1955 1956 1958 1959 2001 2003 2004 2006 2007 2009 2011 2013 2015 2027
1900 1904 1910 1917 1922 1927 1931 1935 1940 1942 1946 1948 1949 1951 1953 1955 1956 1958 1959 2001 2002 2004 2006 2007 2009 2010 2012 2014 2016 2018 2030
1903 1907 1913 1920 1925 1930 1934 1938 1943 1945 1949 1951 1952 1954 1956 1958 1959 2001 2002 2004 2005 2007 2009 2010 2012 2013 2015 2017 2019 2021 2033
1906 1910 1916 1923 1928 1933 1937 1941 1946 1948 1952 1954 1955 1957 1959 2001 2002 2004 2005 2007 2008 2010 2012 2013 2015 2016 2018 2020 2022 2024 2036
1909 1913 1919 1926 1931 1936 1940 1944 1949 1951 1955 1957 1958 2000 2002 2004 2005 2007 2008 2010 2011 2013 2015 2016 2018 2019 2021 2023 2025 2027 2039
1912 1916 1922 1929 1934 1939 1943 1947 1952 1954 1958 2000 2001 2003 2005 2007 2008 2010 2011 2013 2014 2016 2018 2019 2021 2022 2024 2026 2028 2030 2042
1915 1919 1925 1932 1937 1942 1946 1950 1955 1957 2001 2003 2004 2006 2008 2010 2011 2013 2014 2016 2017 2019 2021 2022 2024 2025 2027 2029 2031 2033 2045
1918 1922 1928 1935 1940 1945 1949 1953 1958 2000 2004 2006 2007 2009 2011 2013 2014 2016 2017 2019 2020 2022 2024 2025 2027 2028 2030 2032 2034 2036 2048
1921 1925 1931 1938 1943 1948 1952 1956 2001 2003 2007 2009 2010 2012 2014 2016 2017 2019 2020 2022 2023 2025 2027 2028 2030 2031 2033 2035 2037 2039 2051
1924 1928 1934 1941 1946 1951 1955 1959 2004 2006 2010 2012 2013 2015 2017 2019 2020 2022 2023 2025 2026 2028 2030 2031 2033 2034 2036 2038 2040 2042 2054
1927 1931 1937 1944 1949 1954 1958 2002 2007 2009 2013 2015 2016 2018 2020 2022 2023 2025 2026 2028 2029 2031 2033 2034 2036 2037 2039 2041 2043 2045 2057
1930 1934 1940 1947 1952 1957 2001 2005 2010 2012 2016 2018 2019 2021 2023 2025 2026 2028 2029 2031 2032 2034 2036 2037 2039 2040 2042 2044 2046 2048 2100
1933 1937 1943 1950 1955 2000 2004 2008 2013 2015 2019 2021 2022 2024 2026 2028 2029 2031 2032 2034 2035 2037 2039 2040 2042 2043 2045 2047 2049 2051 2103
1936 1940 1946 1953 1958 2003 2007 2011 2016 2018 2022 2024 2025 2027 2029 2031 2032 2034 2035 2037 2038 2040 2042 2043 2045 2046 2048 2050 2052 2054 2106
1939 1943 1949 1956 2001 2006 2010 2014 2019 2021 2025 2027 2028 2030 2032 2034 2035 2037 2038 2040 2041 2043 2045 2046 2048 2049 2051 2053 2055 2057 2109
1942 1946 1952 1959 2004 2009 2013 2017 2022 2024 2028 2030 2031 2033 2035 2037 2038 2040 2041 2043 2044 2046 2048 2049 2051 2052 2054 2056 2058 2100 2112
1945 1949 1955 2002 2007 2012 2016 2020 2025 2027 2031 2033 2034 2036 2038 2040 2041 2043 2044 2046 2047 2049 2051 2052 2054 2055 2057 2059 2101 2103 2115
1948 1952 1958 2005 2010 2015 2019 2023 2028 2030 2034 2036 2037 2039 2041 2043 2044 2046 2047 2049 2050 2052 2054 2055 2057 2058 2100 2102 2104 2106 2118
1951 1955 2001 2008 2013 2018 2022 2026 2031 2033 2037 2039 2040 2042 2044 2046 2047 2049 2050 2052 2053 2055 2057 2058 2100 2101 2103 2105 2107 2109 2121
1954 1958 2004 2011 2016 2021 2025 2029 2034 2036 2040 2042 2043 2045 2047 2049 2050 2052 2053 2055 2056 2058 2100 2101 2103 2104 2106 2108 2110 2112 2124
1957 2001 2007 2014 2019 2024 2028 2032 2037 2039 2043 2045 2046 2048 2050 2052 2053 2055 2056 2058 2059 2101 2103 2104 2106 2107 2109 2111 2113 2115 2127
2000 2004 2010 2017 2022 2027 2031 2035 2040 2042 2046 2048 2049 2051 2053 2055 2056 2058 2059 2101 2102 2104 2106 2107 2109 2110 2112 2114 2116 2118 2130
2003 2007 2013 2020 2025 2030 2034 2038 2043 2045 2049 2051 2052 2054 2056 2058 2059 2101 2102 2104 2105 2107 2109 2110 2112 2113 2115 2117 2119 2121 2133
2009 2013 2019 2026 2031 2036 2040 2044 2049 2051 2055 2057 2058 2100 2102 2104 2105 2107 2108 2110 2111 2113 2115 2116 2118 2119 2121 2123 2125 2127 2139
2015 2019 2025 2032 2037 2042 2046 2050 2055 2057 2101 2103 2104 2106 2108 2110 2111 2113 2114 2116 2117 2119 2121 2122 2124 2125 2127 2129 2131 2133 2145
2021 2025 2031 2038 2043 2048 2052 2056 2101 2103 2107 2109 2110 2112 2114 2116 2117 2119 2120 2122 2123 2125 2127 2128 2130 2131 2133 2135 2137 2139 2151
2027 2031 2037 2044 2049 2054 2058 2102 2107 2109 2113 2115 2116 2118 2120 2122 2123 2125 2126 2128 2129 2131 2133 2134 2136 2137 2139 2141 2143 2145 2157
2033 2037 2043 2050 2055 2100 2104 2108 2113 2115 2119 2121 2122 2124 2126 2128 2129 2131 2132 2134 2135 2137 2139 2140 2142 2143 2145 2147 2149 2151 2203
2039 2043 2049 2056 2101 2106 2110 2114 2119 2121 2125 2127 2128 2130 2132 2134 2135 2137 2138 2140 2141 2143 2145 2146 2148 2149 2151 2153 2155 2157 2209
2045 2049 2055 2102 2107 2112 2116 2120 2125 2127 2131 2133 2134 2136 2138 2140 2141 2143 2144 2146 2147 2149 2151 2152 2154 2155 2157 2159 2201 2203 2215
2051 2055 2101 2108 2113 2118 2122 2126 2131 2133 2137 2139 2140 2142 2144 2146 2147 2149 2150 2152 2153 2155 2157 2158 2200 2201 2203 2205 2207 2209 2221
2057 2101 2107 2114 2119 2124 2128 2132 2137 2139 2143 2145 2146 2148 2150 2152 2153 2155 2156 2158 2159 2201 2203 2204 2206 2207 2209 2211 2213 2215 2227
2103 2107 2113 2120 2125 2130 2134 2138 2143 2145 2149 2151 2152 2154 2156 2158 2159 2201 2202 2204 2205 2207 2209 2210 2212 2213 2215 2217 2219 2221 2233
2109 2113 2119 2126 2131 2136 2140 2144 2149 2151 2155 2157 2158 2200 2202 2204 2205 2207 2208 2210 2211 2213 2215 2216 2218 2219 2221 2223 2225 2227 2239
2115 2119 2125 2132 2137 2142 2146 2150 2155 2157 2201 2203 2204 2206 2208 2210 2211 2213 2214 2216 2217 2219 2221 2222 2224 2225 2227 2229 2231 2233 2245
2121 2125 2131 2138 2143 2148 2152 2156 2201 2203 2207 2209 2210 2212 2214 2216 2217 2219 2220 2222 2223 2225 2227 2228 2230 2231 2233 2235 2237 2239 2251
2127 2131 2137 2144 2149 2154 2158 2202 2207 2209 2213 2215 2216 2218 2220 2222 2223 2225 2226 2228 2229 2231 2233 2234 2236 2237 2239 2241 2243 2245 2257
2133 2137 2143 2150 2155 2200 2204 2208 2213 2215 2219 2221 2222 2224 2226 2228 2229 2231 2232 2234 2235 2237 2239 2240 2242 2243 2245 2247 2249 2251 2303
2139 2143 2149 2156 2201 2206 2210 2214 2219 2221 2225 2227 2228 2230 2232 2234 2235 2237 2238 2240 2241 2243 2245 2246 2248 2249 2251 2253 2255 2257 2309
2145 2149 2155 2202 2207 2212 2216 2220 2225 2227 2231 2233 2234 2236 2238 2240 2241 2243 2244 2246 2247 2249 2251 2252 2254 2255 2257 2259 2301 2303 2315
2151 2155 2201 2208 2213 2218 2222 2226 2231 2233 2237 2239 2240 2242 2244 2246 2247 2249 2250 2252 2253 2255 2257 2258 2300 2301 2303 2305 2307 2309 2321
2157 2201 2207 2214 2219 2224 2228 2232 2237 2239 2243 2245 2246 2248 2250 2252 2253 2255 2256 2258 2259 2301 2303 2304 2306 2307 2309 2311 2313 2315 2327
2203 2207 2213 2220 2225 2230 2234 2238 2243 2245 2249 2251 2252 2254 2256 2258 2259 2301 2302 2304 2305 2307 2309 2310 2312 2313 2315 2317 2319 2321 2333
2209 2213 2219 2226 2231 2236 2240 2244 2249 2251 2255 2257 2258 2300 2302 2304 2305 2307 2308 2310 2311 2313 2315 2316 2318 2319 2321 2323 2325 2327 2339
2215 2219 2225 2232 2237 2242 2246 2250 2255 2257 2301 2303 2304 2306 2308 2310 2311 2313 2314 2316 2317 2319 2321 2322 2324 2325 2327 2329 2331 2333 2345
2221 2225 2231 2238 2243 2248 2252 2256 2301 2303 2307 2309 2310 2312 2314 2316 2317 2319 2320 2322 2323 2325 2327 2328 2330 2331 2333 2335 2337 2339 2351
2227 2231 2237 2244 2249 2254 2258 2302 2307 2309 2313 2315 2316 2318 2320 2322 2323 2325 2326 2328 2329 2331 2333 2334 2336 2337 2339 2341 2343 2345 2357
2233 2237 2243 2250 2255 2300 2304 2308 2313 2315 2319 2321 2322 2324 2326 2328 2329 2331 2332 2334 2335 2337 2339 2340 2342 2343 2345 2347 2349 2351 003
