530 531 533 535 538 540 543 545 547 549 550 551 552 553 554 555 556 557 558
536 537 539 541 544 546 549 551 553 555 556 557 558 559 600 601 602 603 604
542 543 545 547 550 552 555 557 559 601 602 603 604 605 606 607 608 609 610
548 549 551 553 556 558 601 603 605 607 608 609 610 611 612 613 614 615 616
554 555 557 559 602 604 607 609 611 613 614 615 616 617 618 619 620 621 622
600 601 603 605 608 610 613 615 617 619 620 621 622 623 624 625 626 627 628
606 607 609 611 614 616 619 621 623 625 626 627 628 629 630 631 632 633 634
612 613 615 617 620 622 625 627 629 631 632 633 634 635 636 637 638 639 640
618 619 621 623 626 628 631 633 635 637 638 639 640 641 642 643 644 645 646
624 625 627 629 632 634 637 639 641 643 644 645 646 647 648 649 650 651 652
630 631 633 635 638 640 643 645 647 649 650 651 652 653 654 655 656 657 658
636 637 639 641 644 646 649 651 653 655 656 657 658 659 700 701 702 703 704
642 643 645 647 650 652 655 657 659 701 702 703 704 705 706 707 708 709 710
648 649 651 653 656 658 701 703 705 707 708 709 710 711 712 713 714 715 716
654 655 657 659 702 704 707 709 711 713 714 715 716 717 718 719 720 721 722
700 701 703 705 708 710 713 715 717 719 720 721 722 723 724 725 726 727 728
706 707 709 711 714 716 719 721 723 725 726 727 728 729 730 731 732 733 734
712 713 715 717 720 722 725 727 729 731 732 733 734 735 736 737 738 739 740
718 719 721 723 726 728 731 733 735 737 738 739 740 741 742 743 744 745 746
724 725 727 729 732 734 737 739 741 743 744 745 746 747 748 749 750 751 752
730 731 733 735 738 740 743 745 747 749 750 751 752 753 754 755 756 757 758
736 737 739 741 744 746 749 751 753 755 756 757 758 759 800 801 802 803 804
742 743 745 747 750 752 755 757 759 801 802 803 804 805 806 807 808 809 810
748 749 751 753 756 758 801 803 805 807 808 809 810 811 812 813 814 815 816
754 755 757 759 802 804 807 809 811 813 814 815 816 817 818 819 820 821 822
800 801 803 805 808 810 813 815 817 819 820 821 822 823 824 825 826 827 828
803 804 806 808 811 813 816 818 820 822 823 824 825 826 827 828 829 830 831
806 807 809 811 814 816 819 821 823 825 826 827 828 829 830 831 832 833 834
809 810 812 814 817 819 822 824 826 828 829 830 831 832 833 834 835 836 837
812 813 815 817 820 822 825 827 829 831 832 833 834 835 836 837 838 839 840
815 816 818 820 823 825 828 830 832 834 835 836 837 838 839 840 841 842 843
818 819 821 823 826 828 831 833 835 837 838 839 840 841 842 843 844 845 846
821 822 824 826 829 831 834 836 838 840 841 842 843 844 845 846 847 848 849
824 825 827 829 832 834 837 839 841 843 844 845 846 847 848 849 850 851 852
827 828 830 832 835 837 840 842 844 846 847 848 849 850 851 852 853 854 855
830 831 833 835 838 840 843 845 847 849 850 851 852 853 854 855 856 857 858
833 834 836 838 841 843 846 848 850 852 853 854 855 856 857 858 859 900 901
836 837 839 841 844 846 849 851 853 855 856 857 858 859 900 901 902 903 904
839 840 842 844 847 849 852 854 856 858 859 900 901 902 903 904 905 906 907
842 843 845 847 850 852 855 857 859 901 902 903 904 905 906 907 908 909 910
845 846 848 850 853 855 858 900 902 904 905 906 907 908 909 910 911 912 913
848 849 851 853 856 858 901 903 905 907 908 909 910 911 912 913 914 915 916
851 852 854 856 859 901 904 906 908 910 911 912 913 914 915 916 917 918 919
854 855 857 859 902 904 907 909 911 913 914 915 916 917 918 919 920 921 922
857 858 900 902 905 907 910 912 914 916 917 918 919 920 921 922 923 924 925
900 901 903 905 908 910 913 915 917 919 920 921 922 923 924 925 926 927 928
903 904 906 908 911 913 916 918 920 922 923 924 925 926 927 928 929 930 931
906 907 909 911 914 916 919 921 923 925 926 927 928 929 930 931 932 933 934
909 910 912 914 917 919 922 924 926 928 929 930 931 932 933 934 935 936 937
912 913 915 917 920 922 925 927 929 931 932 933 934 935 936 937 938 939 940
915 916 918 920 923 925 928 930 932 934 935 936 937 938 939 940 941 942 943
918 919 921 923 926 928 931 933 935 937 938 939 940 941 942 943 944 945 946
921 922 924 926 929 931 934 936 938 940 941 942 943 944 945 946 947 948 949
924 925 927 929 932 934 937 939 941 943 944 945 946 947 948 949 950 951 952
927 928 930 932 935 937 940 942 944 946 947 948 949 950 951 952 953 954 955
930 931 933 935 938 940 943 945 947 949 950 951 952 953 954 955 956 957 958
933 934 936 938 941 943 946 948 950 952 953 954 955 956 957 958 959 1000 1001
936 937 939 941 944 946 949 951 953 955 956 957 958 959 1000 1001 1002 1003 1004
939 940 942 944 947 949 952 954 956 958 959 1000 1001 1002 1003 1004 1005 1006 1007
942 943 945 947 950 952 955 957 959 1001 1002 1003 1004 1005 1006 1007 1008 1009 1010
945 946 948 950 953 955 958 1000 1002 1004 1005 1006 1007 1008 1009 1010 1011 1012 1013
948 949 951 953 956 958 1001 1003 1005 1007 1008 1009 1010 1011 1012 1013 1014 1015 1016
951 952 954 956 959 1001 1004 1006 1008 1010 1011 1012 1013 1014 1015 1016 1017 1018 1019
954 955 957 959 1002 1004 1007 1009 1011 1013 1014 1015 1016 1017 1018 1019 1020 1021 1022
957 958 1000 1002 1005 1007 1010 1012 1014 1016 1017 1018 1019 1020 1021 1022 1023 1024 1025
1000 1001 1003 1005 1008 1010 1013 1015 1017 1019 1020 1021 1022 1023 1024 1025 1026 1027 1028
1003 1004 1006 1008 1011 1013 1016 1018 1020 1022 1023 1024 1025 1026 1027 1028 1029 1030 1031
1009 1010 1012 1014 1017 1019 1022 1024 1026 1028 1029 1030 1031 1032 1033 1034 1035 1036 1037
1015 1016 1018 1020 1023 1025 1028 1030 1032 1034 1035 1036 1037 1038 1039 1040 1041 1042 1043
1021 1022 1024 1026 1029 1031 1034 1036 1038 1040 1041 1042 1043 1044 1045 1046 1047 1048 1049
1027 1028 1030 1032 1035 1037 1040 1042 1044 1046 1047 1048 1049 1050 1051 1052 1053 1054 1055
1033 1034 1036 1038 1041 1043 1046 1048 1050 1052 1053 1054 1055 1056 1057 1058 1059 1100 1101
1039 1040 1042 1044 1047 1049 1052 1054 1056 1058 1059 1100 1101 1102 1103 1104 1105 1106 1107
1045 1046 1048 1050 1053 1055 1058 1100 1102 1104 1105 1106 1107 1108 1109 1110 1111 1112 1113
1051 1052 1054 1056 1059 1101 1104 1106 1108 1110 1111 1112 1113 1114 1115 1116 1117 1118 1119
1057 1058 1100 1102 1105 1107 1110 1112 1114 1116 1117 1118 1119 1120 1121 1122 1123 1124 1125
1103 1104 1106 1108 1111 1113 1116 1118 1120 1122 1123 1124 1125 1126 1127 1128 1129 1130 1131
1109 1110 1112 1114 1117 1119 1122 1124 1126 1128 1129 1130 1131 1132 1133 1134 1135 1136 1137
1115 1116 1118 1120 1123 1125 1128 1130 1132 1134 1135 1136 1137 1138 1139 1140 1141 1142 1143
1121 1122 1124 1126 1129 1131 1134 1136 1138 1140 1141 1142 1143 1144 1145 1146 1147 1148 1149
1127 1128 1130 1132 1135 1137 1140 1142 1144 1146 1147 1148 1149 1150 1151 1152 1153 1154 1155
1133 1134 1136 1138 1141 1143 1146 1148 1150 1152 1153 1154 1155 1156 1157 1158 1159 1200 1201
1139 1140 1142 1144 1147 1149 1152 1154 1156 1158 1159 1200 1201 1202 1203 1204 1205 1206 1207
1145 1146 1148 1150 1153 1155 1158 1200 1202 1204 1205 1206 1207 1208 1209 1210 1211 1212 1213
1151 1152 1154 1156 1159 1201 1204 1206 1208 1210 1211 1212 1213 1214 1215 1216 1217 1218 1219
1157 1158 1200 1202 1205 1207 1210 1212 1214 1216 1217 1218 1219 1220 1221 1222 1223 1224 1225
1203 1204 1206 1208 1211 1213 1216 1218 1220 1222 1223 1224 1225 1226 1227 1228 1229 1230 1231
1209 1210 1212 1214 1217 1219 1222 1224 1226 1228 1229 1230 1231 1232 1233 1234 1235 1236 1237
1215 1216 1218 1220 1223 1225 1228 1230 1232 1234 1235 1236 1237 1238 1239 1240 1241 1242 1243
1221 1222 1224 1226 1229 1231 1234 1236 1238 1240 1241 1242 1243 1244 1245 1246 1247 1248 1249
1227 1228 1230 1232 1235 1237 1240 1242 1244 1246 1247 1248 1249 1250 1251 1252 1253 1254 1255
1233 1234 1236 1238 1241 1243 1246 1248 1250 1252 1253 1254 1255 1256 1257 1258 1259 1300 1301
1239 1240 1242 1244 1247 1249 1252 1254 1256 1258 1259 1300 1301 1302 1303 1304 1305 1306 1307
1245 1246 1248 1250 1253 1255 1258 1300 1302 1304 1305 1306 1307 1308 1309 1310 1311 1312 1313
1251 1252 1254 1256 1259 1301 1304 1306 1308 1310 1311 1312 1313 1314 1315 1316 1317 1318 1319
1257 1258 1300 1302 1305 1307 1310 1312 1314 1316 1317 1318 1319 1320 1321 1322 1323 1324 1325
1303 1304 1306 1308 1311 1313 1316 1318 1320 1322 1323 1324 1325 1326 1327 1328 1329 1330 1331
1309 1310 1312 1314 1317 1319 1322 1324 1326 1328 1329 1330 1331 1332 1333 1334 1335 1336 1337
1315 1316 1318 1320 1323 1325 1328 1330 1332 1334 1335 1336 1337 1338 1339 1340 1341 1342 1343
1321 1322 1324 1326 1329 1331 1334 1336 1338 1340 1341 1342 1343 1344 1345 1346 1347 1348 1349
1327 1328 1330 1332 1335 1337 1340 1342 1344 1346 1347 1348 1349 1350 1351 1352 1353 1354 1355
1333 1334 1336 1338 1341 1343 1346 1348 1350 1352 1353 1354 1355 1356 1357 1358 1359 1400 1401
1339 1340 1342 1344 1347 1349 1352 1354 1356 1358 1359 1400 1401 1402 1403 1404 1405 1406 1407
1345 1346 1348 1350 1353 1355 1358 1400 1402 1404 1405 1406 1407 1408 1409 1410 1411 1412 1413
1351 1352 1354 1356 1359 1401 1404 1406 1408 1410 1411 1412 1413 1414 1415 1416 1417 1418 1419
1357 1358 1400 1402 1405 1407 1410 1412 1414 1416 1417 1418 1419 1420 1421 1422 1423 1424 1425
1403 1404 1406 1408 1411 1413 1416 1418 1420 1422 1423 1424 1425 1426 1427 1428 1429 1430 1431
1409 1410 1412 1414 1417 1419 1422 1424 1426 1428 1429 1430 1431 1432 1433 1434 1435 1436 1437
1415 1416 1418 1420 1423 1425 1428 1430 1432 1434 1435 1436 1437 1438 1439 1440 1441 1442 1443
1421 1422 1424 1426 1429 1431 1434 1436 1438 1440 1441 1442 1443 1444 1445 1446 1447 1448 1449
1427 1428 1430 1432 1435 1437 1440 1442 1444 1446 1447 1448 1449 1450 1451 1452 1453 1454 1455
1433 1434 1436 1438 1441 1443 1446 1448 1450 1452 1453 1454 1455 1456 1457 1458 1459 1500 1501
1439 1440 1442 1444 1447 1449 1452 1454 1456 1458 1459 1500 1501 1502 1503 1504 1505 1506 1507
1445 1446 1448 1450 1453 1455 1458 1500 1502 1504 1505 1506 1507 1508 1509 1510 1511 1512 1513
1451 1452 1454 1456 1459 1501 1504 1506 1508 1510 1511 1512 1513 1514 1515 1516 1517 1518 1519
1457 1458 1500 1502 1505 1507 1510 1512 1514 1516 1517 1518 1519 1520 1521 1522 1523 1524 1525
1503 1504 1506 1508 1511 1513 1516 1518 1520 1522 1523 1524 1525 1526 1527 1528 1529 1530 1531
1509 1510 1512 1514 1517 1519 1522 1524 1526 1528 1529 1530 1531 1532 1533 1534 1535 1536 1537
1515 1516 1518 1520 1523 1525 1528 1530 1532 1534 1535 1536 1537 1538 1539 1540 1541 1542 1543
1521 1522 1524 1526 1529 1531 1534 1536 1538 1540 1541 1542 1543 1544 1545 1546 1547 1548 1549
1527 1528 1530 1532 1535 1537 1540 1542 1544 1546 1547 1548 1549 1550 1551 1552 1553 1554 1555
1533 1534 1536 1538 1541 1543 1546 1548 1550 1552 1553 1554 1555 1556 1557 1558 1559 1600 1601
1539 1540 1542 1544 1547 1549 1552 1554 1556 1558 1559 1600 1601 1602 1603 1604 1605 1606 1607
1545 1546 1548 1550 1553 1555 1558 1600 1602 1604 1605 1606 1607 1608 1609 1610 1611 1612 1613
1551 1552 1554 1556 1559 1601 1604 1606 1608 1610 1611 1612 1613 1614 1615 1616 1617 1618 1619
1557 1558 1600 1602 1605 1607 1610 1612 1614 1616 1617 1618 1619 1620 1621 1622 1623 1624 1625
1603 1604 1606 1608 1611 1613 1616 1618 1620 1622 1623 1624 1625 1626 1627 1628 1629 1630 1631
1609 1610 1612 1614 1617 1619 1622 1624 1626 1628 1629 1630 1631 1632 1633 1634 1635 1636 1637
1615 1616 1618 1620 1623 1625 1628 1630 1632 1634 1635 1636 1637 1638 1639 1640 1641 1642 1643
1621 1622 1624 1626 1629 1631 1634 1636 1638 1640 1641 1642 1643 1644 1645 1646 1647 1648 1649
1627 1628 1630 1632 1635 1637 1640 1642 1644 1646 1647 1648 1649 1650 1651 1652 1653 1654 1655
1633 1634 1636 1638 1641 1643 1646 1648 1650 1652 1653 1654 1655 1656 1657 1658 1659 1700 1701
1639 1640 1642 1644 1647 1649 1652 1654 1656 1658 1659 1700 1701 1702 1703 1704 1705 1706 1707
1645 1646 1648 1650 1653 1655 1658 1700 1702 1704 1705 1706 1707 1708 1709 1710 1711 1712 1713
1651 1652 1654 1656 1659 1701 1704 1706 1708 1710 1711 1712 1713 1714 1715 1716 1717 1718 1719
1657 1658 1700 1702 1705 1707 1710 1712 1714 1716 1717 1718 1719 1720 1721 1722 1723 1724 1725
1703 1704 1706 1708 1711 1713 1716 1718 1720 1722 1723 1724 1725 1726 1727 1728 1729 1730 1731
1709 1710 1712 1714 1717 1719 1722 1724 1726 1728 1729 1730 1731 1732 1733 1734 1735 1736 1737
1715 1716 1718 1720 1723 1725 1728 1730 1732 1734 1735 1736 1737 1738 1739 1740 1741 1742 1743
1721 1722 1724 1726 1729 1731 1734 1736 1738 1740 1741 1742 1743 1744 1745 1746 1747 1748 1749
1727 1728 1730 1732 1735 1737 1740 1742 1744 1746 1747 1748 1749 1750 1751 1752 1753 1754 1755
1733 1734 1736 1738 1741 1743 1746 1748 1750 1752 1753 1754 1755 1756 1757 1758 1759 1800 1801
1739 1740 1742 1744 1747 1749 1752 1754 1756 1758 1759 1800 1801 1802 1803 1804 1805 1806 1807
1745 1746 1748 1750 1753 1755 1758 1800 1802 1804 1805 1806 1807 1808 1809 1810 1811 1812 1813
1751 1752 1754 1756 1759 1801 1804 1806 1808 1810 1811 1812 1813 1814 1815 1816 1817 1818 1819
1757 1758 1800 1802 1805 1807 1810 1812 1814 1816 1817 1818 1819 1820 1821 1822 1823 1824 1825
1803 1804 1806 1808 1811 1813 1816 1818 1820 1822 1823 1824 1825 1826 1827 1828 1829 1830 1831
1806 1807 1809 1811 1814 1816 1819 1821 1823 1825 1826 1827 1828 1829 1830 1831 1832 1833 1834
1809 1810 1812 1814 1817 1819 1822 1824 1826 1828 1829 1830 1831 1832 1833 1834 1835 1836 1837
1812 1813 1815 1817 1820 1822 1825 1827 1829 1831 1832 1833 1834 1835 1836 1837 1838 1839 1840
1815 1816 1818 1820 1823 1825 1828 1830 1832 1834 1835 1836 1837 1838 1839 1840 1841 1842 1843
1818 1819 1821 1823 1826 1828 1831 1833 1835 1837 1838 1839 1840 1841 1842 1843 1844 1845 1846
1821 1822 1824 1826 1829 1831 1834 1836 1838 1840 1841 1842 1843 1844 1845 1846 1847 1848 1849
1824 1825 1827 1829 1832 1834 1837 1839 1841 1843 1844 1845 1846 1847 1848 1849 1850 1851 1852
1827 1828 1830 1832 1835 1837 1840 1842 1844 1846 1847 1848 1849 1850 1851 1852 1853 1854 1855
1830 1831 1833 1835 1838 1840 1843 1845 1847 1849 1850 1851 1852 1853 1854 1855 1856 1857 1858
1833 1834 1836 1838 1841 1843 1846 1848 1850 1852 1853 1854 1855 1856 1857 1858 1859 1900 1901
1836 1837 1839 1841 1844 1846 1849 1851 1853 1855 1856 1857 1858 1859 1900 1901 1902 1903 1904
1839 1840 1842 1844 1847 1849 1852 1854 1856 1858 1859 1900 1901 1902 1903 1904 1905 1906 1907
1842 1843 1845 1847 1850 1852 1855 1857 1859 1901 1902 1903 1904 1905 1906 1907 1908 1909 1910
1845 1846 1848 1850 1853 1855 1858 1900 1902 1904 1905 1906 1907 1908 1909 1910 1911 1912 1913
1848 1849 1851 1853 1856 1858 1901 1903 1905 1907 1908 1909 1910 1911 1912 1913 1914 1915 1916
1851 1852 1854 1856 1859 1901 1904 1906 1908 1910 1911 1912 1913 1914 1915 1916 1917 1918 1919
1854 1855 1857 1859 1902 1904 1907 1909 1911 1913 1914 1915 1916 1917 1918 1919 1920 1921 1922
1857 1858 1900 1902 1905 1907 1910 1912 1914 1916 1917 1918 1919 1920 1921 1922 1923 1924 1925
1900 1901 1903 1905 1908 1910 1913 1915 1917 1919 1920 1921 1922 1923 1924 1925 1926 1927 1928
1903 1904 1906 1908 1911 1913 1916 1918 1920 1922 1923 1924 1925 1926 1927 1928 1929 1930 1931
1906 1907 1909 1911 1914 1916 1919 1921 1923 1925 1926 1927 1928 1929 1930 1931 1932 1933 1934
1909 1910 1912 1914 1917 1919 1922 1924 1926 1928 1929 1930 1931 1932 1933 1934 1935 1936 1937
1912 1913 1915 1917 1920 1922 1925 1927 1929 1931 1932 1933 1934 1935 1936 1937 1938 1939 1940
1915 1916 1918 1920 1923 1925 1928 1930 1932 1934 1935 1936 1937 1938 1939 1940 1941 1942 1943
1918 1919 1921 1923 1926 1928 1931 1933 1935 1937 1938 1939 1940 1941 1942 1943 1944 1945 1946
1921 1922 1924 1926 1929 1931 1934 1936 1938 1940 1941 1942 1943 1944 1945 1946 1947 1948 1949
1924 1925 1927 1929 1932 1934 1937 1939 1941 1943 1944 1945 1946 1947 1948 1949 1950 1951 1952
1927 1928 1930 1932 1935 1937 1940 1942 1944 1946 1947 1948 1949 1950 1951 1952 1953 1954 1955
1930 1931 1933 1935 1938 1940 1943 1945 1947 1949 1950 1951 1952 1953 1954 1955 1956 1957 1958
1933 1934 1936 1938 1941 1943 1946 1948 1950 1952 1953 1954 1955 1956 1957 1958 1959 2000 2001
1936 1937 1939 1941 1944 1946 1949 1951 1953 1955 1956 1957 1958 1959 2000 2001 2002 2003 2004
1939 1940 1942 1944 1947 1949 1952 1954 1956 1958 1959 2000 2001 2002 2003 2004 2005 2006 2007
1942 1943 1945 1947 1950 1952 1955 1957 1959 2001 2002 2003 2004 2005 2006 2007 2008 2009 2010
1945 1946 1948 1950 1953 1955 1958 2000 2002 2004 2005 2006 2007 2008 2009 2010 2011 2012 2013
1948 1949 1951 1953 1956 1958 2001 2003 2005 2007 2008 2009 2010 2011 2012 2013 2014 2015 2016
1951 1952 1954 1956 1959 2001 2004 2006 2008 2010 2011 2012 2013 2014 2015 2016 2017 2018 2019
1954 1955 1957 1959 2002 2004 2007 2009 2011 2013 2014 2015 2016 2017 2018 2019 2020 2021 2022
1957 1958 2000 2002 2005 2007 2010 2012 2014 2016 2017 2018 2019 2020 2021 2022 2023 2024 2025
2000 2001 2003 2005 2008 2010 2013 2015 2017 2019 2020 2021 2022 2023 2024 2025 2026 2027 2028
2003 2004 2006 2008 2011 2013 2016 2018 2020 2022 2023 2024 2025 2026 2027 2028 2029 2030 2031
2009 2010 2012 2014 2017 2019 2022 2024 2026 2028 2029 2030 2031 2032 2033 2034 2035 2036 2037
2015 2016 2018 2020 2023 2025 2028 2030 2032 2034 2035 2036 2037 2038 2039 2040 2041 2042 2043
2021 2022 2024 2026 2029 2031 2034 2036 2038 2040 2041 2042 2043 2044 2045 2046 2047 2048 2049
2027 2028 2030 2032 2035 2037 2040 2042 2044 2046 2047 2048 2049 2050 2051 2052 2053 2054 2055
2033 2034 2036 2038 2041 2043 2046 2048 2050 2052 2053 2054 2055 2056 2057 2058 2059 2100 2101
2039 2040 2042 2044 2047 2049 2052 2054 2056 2058 2059 2100 2101 2102 2103 2104 2105 2106 2107
2045 2046 2048 2050 2053 2055 2058 2100 2102 2104 2105 2106 2107 2108 2109 2110 2111 2112 2113
2051 2052 2054 2056 2059 2101 2104 2106 2108 2110 2111 2112 2113 2114 2115 2116 2117 2118 2119
2057 2058 2100 2102 2105 2107 2110 2112 2114 2116 2117 2118 2119 2120 2121 2122 2123 2124 2125
2103 2104 2106 2108 2111 2113 2116 2118 2120 2122 2123 2124 2125 2126 2127 2128 2129 2130 2131
2109 2110 2112 2114 2117 2119 2122 2124 2126 2128 2129 2130 2131 2132 2133 2134 2135 2136 2137
2115 2116 2118 2120 2123 2125 2128 2130 2132 2134 2135 2136 2137 2138 2139 2140 2141 2142 2143
2121 2122 2124 2126 2129 2131 2134 2136 2138 2140 2141 2142 2143 2144 2145 2146 2147 2148 2149
2127 2128 2130 2132 2135 2137 2140 2142 2144 2146 2147 2148 2149 2150 2151 2152 2153 2154 2155
2133 2134 2136 2138 2141 2143 2146 2148 2150 2152 2153 2154 2155 2156 2157 2158 2159 2200 2201
2139 2140 2142 2144 2147 2149 2152 2154 2156 2158 2159 2200 2201 2202 2203 2204 2205 2206 2207
2145 2146 2148 2150 2153 2155 2158 2200 2202 2204 2205 2206 2207 2208 2209 2210 2211 2212 2213
2151 2152 2154 2156 2159 2201 2204 2206 2208 2210 2211 2212 2213 2214 2215 2216 2217 2218 2219
2157 2158 2200 2202 2205 2207 2210 2212 2214 2216 2217 2218 2219 2220 2221 2222 2223 2224 2225
2203 2204 2206 2208 2211 2213 2216 2218 2220 2222 2223 2224 2225 2226 2227 2228 2229 2230 2231
2209 2210 2212 2214 2217 2219 2222 2224 2226 2228 2229 2230 2231 2232 2233 2234 2235 2236 2237
2215 2216 2218 2220 2223 2225 2228 2230 2232 2234 2235 2236 2237 2238 2239 2240 2241 2242 2243
2221 2222 2224 2226 2229 2231 2234 2236 2238 2240 2241 2242 2243 2244 2245 2246 2247 2248 2249
2227 2228 2230 2232 2235 2237 2240 2242 2244 2246 2247 2248 2249 2250 2251 2252 2253 2254 2255
2233 2234 2236 2238 2241 2243 2246 2248 2250 2252 2253 2254 2255 2256 2257 2258 2259 2300 2301
2242 2243 2245 2247 2250 2252 2255 2257 2259 2301 2302 2303 2304 2305 2306 2307 2308 2309 2310
2251 2252 2254 2256 2259 2301 2304 2306 2308 2310 2311 2312 2313 2314 2315 2316 2317 2318 2319
2300 2301 2303 2305 2308 2310 2313 2315 2317 2319 2320 2321 2322 2323 2324 2325 2326 2327 2328
2309 2310 2312 2314 2317 2319 2322 2324 2326 2328 2329 2330 2331 2332 2333 2334 2335 2336 2337
2318 2319 2321 2323 2326 2328 2331 2333 2335 2337 2338 2339 2340 2341 2342 2343 2344 2345 2346
2327 2328 2330 2332 2335 2337 2340 2342 2344 2346 2347 2348 2349 2350 2351 2352 2353 2354 2355
